# x_labels: Mach, alpha, delta
# y_labels: CD, CL, MZ
# params: 
# header: refine_level, Mach, alpha, delta, CD, CD*d/dMach, CD*d/dalpha, CD*d/ddelta, CL, CL*d/dMach, CL*d/dalpha, CL*d/ddelta, MZ, MZ*d/dMach, MZ*d/dalpha, MZ*d/ddelta
0.000000000000000000e+00 1.199999999999999956e+00 -1.000000000000000000e+01 0.000000000000000000e+00 2.164796773999999868e-01 -1.305991055000000067e-01 -2.400408493999999990e-02 0.000000000000000000e+00 -7.419923143000000110e-01 8.327690412999999570e-01 7.403264543000000197e-02 0.000000000000000000e+00 0.000000000000000000e+00 8.327690412999999570e-01 7.403264543000000197e-02 0.000000000000000000e+00
0.000000000000000000e+00 1.199999999999999956e+00 -6.666666666666666075e+00 0.000000000000000000e+00 1.500374224999999895e-01 -6.051030594000000179e-02 -1.578548390999999843e-02 0.000000000000000000e+00 -4.952918667999999802e-01 4.272351551999999941e-01 7.210628957999999644e-02 0.000000000000000000e+00 0.000000000000000000e+00 4.272351551999999941e-01 7.210628957999999644e-02 0.000000000000000000e+00
0.000000000000000000e+00 1.199999999999999956e+00 -3.333333333333333037e+00 0.000000000000000000e+00 1.102184340000000040e-01 -3.767839205000000219e-02 -7.956871057999999677e-03 0.000000000000000000e+00 -2.496557883999999949e-01 2.177010189999999956e-01 7.374868269999999837e-02 0.000000000000000000e+00 0.000000000000000000e+00 2.177010189999999956e-01 7.374868269999999837e-02 0.000000000000000000e+00
0.000000000000000000e+00 1.199999999999999956e+00 0.000000000000000000e+00 0.000000000000000000e+00 9.693039819000000279e-02 -2.818293191000000031e-02 -3.784425540999999932e-05 0.000000000000000000e+00 -1.873738646000000030e-03 2.435219165000000047e-02 7.447688735999999365e-02 0.000000000000000000e+00 0.000000000000000000e+00 2.435219165000000047e-02 7.447688735999999365e-02 0.000000000000000000e+00
0.000000000000000000e+00 1.199999999999999956e+00 3.333333333333333925e+00 0.000000000000000000e+00 1.099765889999999996e-01 -3.509530789000000345e-02 7.890910547000000094e-03 0.000000000000000000e+00 2.461102775000000020e-01 -1.545891671000000078e-01 7.442954814999999669e-02 0.000000000000000000e+00 0.000000000000000000e+00 -1.545891671000000078e-01 7.442954814999999669e-02 0.000000000000000000e+00
0.000000000000000000e+00 1.199999999999999956e+00 6.666666666666667851e+00 0.000000000000000000e+00 1.495356622000000024e-01 -7.067608133000000126e-02 1.592211378000000024e-02 0.000000000000000000e+00 4.938569575000000267e-01 -4.827206743999999938e-01 7.460378994999999902e-02 0.000000000000000000e+00 0.000000000000000000e+00 -4.827206743999999938e-01 7.460378994999999902e-02 0.000000000000000000e+00
0.000000000000000000e+00 1.199999999999999956e+00 1.000000000000000000e+01 0.000000000000000000e+00 2.167453299000000055e-01 -1.344088089999999902e-01 2.444567683999999963e-02 0.000000000000000000e+00 7.446490893999999638e-01 -8.435260145999999848e-01 7.667085581999999455e-02 0.000000000000000000e+00 0.000000000000000000e+00 -8.435260145999999848e-01 7.667085581999999455e-02 0.000000000000000000e+00
0.000000000000000000e+00 1.833333333333333259e+00 -1.000000000000000000e+01 0.000000000000000000e+00 1.630094856000000036e-01 -5.329023858999999697e-02 -1.391597196000000057e-02 0.000000000000000000e+00 -4.105570055000000163e-01 2.901884727999999858e-01 4.099201238999999886e-02 0.000000000000000000e+00 0.000000000000000000e+00 2.901884727999999858e-01 4.099201238999999886e-02 0.000000000000000000e+00
0.000000000000000000e+00 1.833333333333333259e+00 -6.666666666666666075e+00 0.000000000000000000e+00 1.245289457999999988e-01 -2.870573137999999844e-02 -9.203401412000000031e-03 0.000000000000000000e+00 -2.737169508999999779e-01 1.960055370000000075e-01 4.101035296999999691e-02 0.000000000000000000e+00 0.000000000000000000e+00 1.960055370000000075e-01 4.101035296999999691e-02 0.000000000000000000e+00
0.000000000000000000e+00 1.833333333333333259e+00 -3.333333333333333037e+00 0.000000000000000000e+00 1.015410218000000059e-01 -1.313831759999999939e-02 -4.584547787000000339e-03 0.000000000000000000e+00 -1.371837280000000048e-01 9.875425998999999566e-02 4.103967398999999738e-02 0.000000000000000000e+00 0.000000000000000000e+00 9.875425998999999566e-02 4.103967398999999738e-02 0.000000000000000000e+00
0.000000000000000000e+00 1.833333333333333259e+00 0.000000000000000000e+00 0.000000000000000000e+00 9.388672028000000225e-02 -7.599052537000000260e-03 -1.601512384000000028e-05 0.000000000000000000e+00 -3.327221562999999917e-04 -8.728571551000000039e-04 4.104528529999999786e-02 0.000000000000000000e+00 0.000000000000000000e+00 -8.728571551000000039e-04 4.104528529999999786e-02 0.000000000000000000e+00
0.000000000000000000e+00 1.833333333333333259e+00 3.333333333333333925e+00 0.000000000000000000e+00 1.014187924999999935e-01 -1.346156968999999946e-02 4.568964162999999794e-03 0.000000000000000000e+00 1.366523497000000087e-01 -1.008313569000000021e-01 4.110692308000000322e-02 0.000000000000000000e+00 0.000000000000000000e+00 -1.008313569000000021e-01 4.110692308000000322e-02 0.000000000000000000e+00
0.000000000000000000e+00 1.833333333333333259e+00 6.666666666666667851e+00 0.000000000000000000e+00 1.244056384000000043e-01 -2.898473341999999869e-02 9.210472908000000639e-03 0.000000000000000000e+00 2.736539104999999861e-01 -1.978897156999999962e-01 4.113196130999999950e-02 0.000000000000000000e+00 0.000000000000000000e+00 -1.978897156999999962e-01 4.113196130999999950e-02 0.000000000000000000e+00
0.000000000000000000e+00 1.833333333333333259e+00 1.000000000000000000e+01 0.000000000000000000e+00 1.629538577999999904e-01 -5.388528107999999983e-02 1.393789315999999917e-02 0.000000000000000000e+00 4.108597115000000022e-01 -2.889979978000000171e-01 4.103251630000000205e-02 0.000000000000000000e+00 0.000000000000000000e+00 -2.889979978000000171e-01 4.103251630000000205e-02 0.000000000000000000e+00
0.000000000000000000e+00 2.466666666666666785e+00 -1.000000000000000000e+01 0.000000000000000000e+00 1.376326938000000111e-01 -2.767181251999999841e-02 -1.002288374999999940e-02 0.000000000000000000e+00 -2.861964954999999811e-01 1.277344395999999993e-01 2.918130999000000114e-02 0.000000000000000000e+00 0.000000000000000000e+00 1.277344395999999993e-01 2.918130999000000114e-02 0.000000000000000000e+00
0.000000000000000000e+00 2.466666666666666785e+00 -6.666666666666666075e+00 0.000000000000000000e+00 1.102238727000000029e-01 -1.621865399000000166e-02 -6.556785118999999828e-03 0.000000000000000000e+00 -1.897085711000000008e-01 8.565294051999999825e-02 2.871003382999999867e-02 0.000000000000000000e+00 0.000000000000000000e+00 8.565294051999999825e-02 2.871003382999999867e-02 0.000000000000000000e+00
0.000000000000000000e+00 2.466666666666666785e+00 -3.333333333333333037e+00 0.000000000000000000e+00 9.396917047000000189e-02 -9.769818044999999812e-03 -3.253672942000000127e-03 0.000000000000000000e+00 -9.464618860000000022e-02 4.297624024999999875e-02 2.845475814000000131e-02 0.000000000000000000e+00 0.000000000000000000e+00 4.297624024999999875e-02 2.845475814000000131e-02 0.000000000000000000e+00
0.000000000000000000e+00 2.466666666666666785e+00 0.000000000000000000e+00 0.000000000000000000e+00 8.847204844000000623e-02 -7.702852472000000332e-03 -2.168831823999999877e-05 0.000000000000000000e+00 -3.150091983000000021e-04 -6.983938505000000232e-04 2.839946722999999937e-02 0.000000000000000000e+00 0.000000000000000000e+00 -6.983938505000000232e-04 2.839946722999999937e-02 0.000000000000000000e+00
0.000000000000000000e+00 2.466666666666666785e+00 3.333333333333333925e+00 0.000000000000000000e+00 9.373744315000000216e-02 -1.002789297999999961e-02 3.236225953999999783e-03 0.000000000000000000e+00 9.420755145999999691e-02 -4.395119978999999927e-02 2.855288106000000020e-02 0.000000000000000000e+00 0.000000000000000000e+00 -4.395119978999999927e-02 2.855288106000000020e-02 0.000000000000000000e+00
0.000000000000000000e+00 2.466666666666666785e+00 6.666666666666667851e+00 0.000000000000000000e+00 1.100564183000000001e-01 -1.639090550000000049e-02 6.578140199000000188e-03 0.000000000000000000e+00 1.895629055999999979e-01 -8.584849609000000381e-02 2.879548875000000063e-02 0.000000000000000000e+00 0.000000000000000000e+00 -8.584849609000000381e-02 2.879548875000000063e-02 0.000000000000000000e+00
0.000000000000000000e+00 2.466666666666666785e+00 1.000000000000000000e+01 0.000000000000000000e+00 1.376306268999999971e-01 -2.781436575000000022e-02 1.003125937999999918e-02 0.000000000000000000e+00 2.861078799999999811e-01 -1.272165413000000134e-01 2.916630762999999904e-02 0.000000000000000000e+00 0.000000000000000000e+00 -1.272165413000000134e-01 2.916630762999999904e-02 0.000000000000000000e+00
0.000000000000000000e+00 3.099999999999999645e+00 -1.000000000000000000e+01 0.000000000000000000e+00 1.234070330999999937e-01 9.227236272000000383e+01 6.202219634999999620e+00 0.000000000000000000e+00 -2.243176262000000087e-01 2.209193063000000024e+01 1.794825442000000049e+00 0.000000000000000000e+00 0.000000000000000000e+00 2.209193063000000024e+01 1.794825442000000049e+00 0.000000000000000000e+00
0.000000000000000000e+00 3.099999999999999645e+00 -6.666666666666666075e+00 0.000000000000000000e+00 1.009425900999999931e-01 -1.015092111000000068e-02 -5.233037004999999825e-03 0.000000000000000000e+00 -1.478308513999999907e-01 4.770911758000000169e-02 2.287170734999999927e-02 0.000000000000000000e+00 0.000000000000000000e+00 4.770911758000000169e-02 2.287170734999999927e-02 0.000000000000000000e+00
0.000000000000000000e+00 3.099999999999999645e+00 -3.333333333333333037e+00 0.000000000000000000e+00 8.790988999000000359e-02 -6.228831060000000405e-03 -2.560183661000000124e-03 0.000000000000000000e+00 -7.340218061999999322e-02 2.475330024000000143e-02 2.235916941000000088e-02 0.000000000000000000e+00 0.000000000000000000e+00 2.475330024000000143e-02 2.235916941000000088e-02 0.000000000000000000e+00
0.000000000000000000e+00 3.099999999999999645e+00 0.000000000000000000e+00 0.000000000000000000e+00 8.364132727999999684e-02 -4.746010366999999994e-03 -3.828985315000000300e-06 0.000000000000000000e+00 -8.640475611999999398e-05 7.225497534000000031e-04 2.217023921999999869e-02 0.000000000000000000e+00 0.000000000000000000e+00 7.225497534000000031e-04 2.217023921999999869e-02 0.000000000000000000e+00
0.000000000000000000e+00 3.099999999999999645e+00 3.333333333333333925e+00 0.000000000000000000e+00 8.788302851000000249e-02 -5.959674905999999724e-03 2.550746183000000139e-03 0.000000000000000000e+00 7.321398756999999979e-02 -2.372401467999999888e-02 2.236254051000000076e-02 0.000000000000000000e+00 0.000000000000000000e+00 -2.372401467999999888e-02 2.236254051000000076e-02 0.000000000000000000e+00
0.000000000000000000e+00 3.099999999999999645e+00 6.666666666666667851e+00 0.000000000000000000e+00 1.008215149000000060e-01 -9.979366881000000314e-03 5.227505204000000398e-03 0.000000000000000000e+00 1.476992470000000057e-01 -4.827651520000000168e-02 2.292276604000000051e-02 0.000000000000000000e+00 0.000000000000000000e+00 -4.827651520000000168e-02 2.292276604000000051e-02 0.000000000000000000e+00
0.000000000000000000e+00 3.099999999999999645e+00 1.000000000000000000e+01 0.000000000000000000e+00 1.231887484000000060e-01 -1.676163505000000109e-02 8.135763310000000345e-03 0.000000000000000000e+00 2.244303492999999983e-01 -7.142997376000000120e-02 2.369287013999999900e-02 0.000000000000000000e+00 0.000000000000000000e+00 -7.142997376000000120e-02 2.369287013999999900e-02 0.000000000000000000e+00
0.000000000000000000e+00 3.733333333333333393e+00 -1.000000000000000000e+01 0.000000000000000000e+00 1.140514668000000009e-01 4.505059383000000253e+02 -1.230940551000000056e+02 0.000000000000000000e+00 -1.892061794999999880e-01 9.159204651999999669e+02 -1.447974855999999875e+02 0.000000000000000000e+00 0.000000000000000000e+00 9.159204651999999669e+02 -1.447974855999999875e+02 0.000000000000000000e+00
0.000000000000000000e+00 3.733333333333333393e+00 -6.666666666666666075e+00 0.000000000000000000e+00 9.530393672999999677e-02 -8.375553824000000702e+01 4.453999887999999885e+01 0.000000000000000000e+00 -1.238359990000000022e-01 -3.494089359000000172e+01 -5.527792371999999688e+01 0.000000000000000000e+00 0.000000000000000000e+00 -3.494089359000000172e+01 -5.527792371999999688e+01 0.000000000000000000e+00
0.000000000000000000e+00 3.733333333333333393e+00 -3.333333333333333037e+00 0.000000000000000000e+00 8.439440311000000194e-02 -1.777549426999999866e+02 2.751379766000000160e+01 0.000000000000000000e+00 -6.113537214999999886e-02 3.829557499000000007e+02 -3.953534908000000314e+01 0.000000000000000000e+00 0.000000000000000000e+00 3.829557499000000007e+02 -3.953534908000000314e+01 0.000000000000000000e+00
0.000000000000000000e+00 3.733333333333333393e+00 0.000000000000000000e+00 0.000000000000000000e+00 8.083238879000000099e-02 -9.138204182999999148e+00 2.660696498000000076e+00 0.000000000000000000e+00 1.293819642000000071e-04 3.034585863999999944e+01 1.860771745999999949e+00 0.000000000000000000e+00 0.000000000000000000e+00 3.034585863999999944e+01 1.860771745999999949e+00 0.000000000000000000e+00
0.000000000000000000e+00 3.733333333333333393e+00 3.333333333333333925e+00 0.000000000000000000e+00 8.443779162999999477e-02 -3.993090496000000107e-03 2.185598788999999851e-03 0.000000000000000000e+00 6.136122813000000065e-02 -1.523715565999999959e-02 1.866735971000000119e-02 0.000000000000000000e+00 0.000000000000000000e+00 -1.523715565999999959e-02 1.866735971000000119e-02 0.000000000000000000e+00
0.000000000000000000e+00 3.733333333333333393e+00 6.666666666666667851e+00 0.000000000000000000e+00 9.533349086999999555e-02 -5.891791777000000320e-03 4.468846079999999957e-03 0.000000000000000000e+00 1.239411066999999977e-01 -2.803527587000000099e-02 1.924397389999999916e-02 0.000000000000000000e+00 0.000000000000000000e+00 -2.803527587000000099e-02 1.924397389999999916e-02 0.000000000000000000e+00
0.000000000000000000e+00 3.733333333333333393e+00 1.000000000000000000e+01 0.000000000000000000e+00 1.140494563999999988e-01 -9.209806107000000075e-03 6.957690778000000242e-03 0.000000000000000000e+00 1.892257324999999935e-01 -4.108379384000000051e-02 2.017369646000000127e-02 0.000000000000000000e+00 0.000000000000000000e+00 -4.108379384000000051e-02 2.017369646000000127e-02 0.000000000000000000e+00
0.000000000000000000e+00 4.366666666666666252e+00 -1.000000000000000000e+01 0.000000000000000000e+00 1.090070053999999955e-01 -1.325856463999999960e+03 6.103140034999999841e+01 0.000000000000000000e+00 -1.669206497999999872e-01 -4.353919624999999769e+02 3.304612690999999813e+01 0.000000000000000000e+00 0.000000000000000000e+00 -4.353919624999999769e+02 3.304612690999999813e+01 0.000000000000000000e+00
0.000000000000000000e+00 4.366666666666666252e+00 -6.666666666666666075e+00 0.000000000000000000e+00 9.214775863000000677e-02 -2.320875450999999998e+02 -5.035625047999999992e+01 0.000000000000000000e+00 -1.088985227999999944e-01 -2.539463120000000060e+02 6.387206915000000151e+01 0.000000000000000000e+00 0.000000000000000000e+00 -2.539463120000000060e+02 6.387206915000000151e+01 0.000000000000000000e+00
0.000000000000000000e+00 4.366666666666666252e+00 -3.333333333333333037e+00 0.000000000000000000e+00 8.247249959999999880e-02 8.321092013999999608e+02 2.167863158000000112e+01 0.000000000000000000e+00 -5.363806992000000329e-02 2.691412844999999834e+02 -4.472824720999999926e+01 0.000000000000000000e+00 0.000000000000000000e+00 2.691412844999999834e+02 -4.472824720999999926e+01 0.000000000000000000e+00
0.000000000000000000e+00 4.366666666666666252e+00 0.000000000000000000e+00 0.000000000000000000e+00 7.935172358000000536e-02 -1.961119500999999943e+01 1.379705327000000068e+02 0.000000000000000000e+00 1.863472095000000132e-04 2.930076980000000049e+02 6.478032315999999469e+01 0.000000000000000000e+00 0.000000000000000000e+00 2.930076980000000049e+02 6.478032315999999469e+01 0.000000000000000000e+00
0.000000000000000000e+00 4.366666666666666252e+00 3.333333333333333925e+00 0.000000000000000000e+00 8.252957350999999553e-02 6.715277131999999938e+02 -1.311651132000000075e+02 0.000000000000000000e+00 5.393262003999999693e-02 -1.073911472000000003e+03 1.808358639999999866e+02 0.000000000000000000e+00 0.000000000000000000e+00 -1.073911472000000003e+03 1.808358639999999866e+02 0.000000000000000000e+00
0.000000000000000000e+00 4.366666666666666252e+00 6.666666666666667851e+00 0.000000000000000000e+00 9.223554734000000144e-02 -8.959906234999999697e+02 -1.745909657999999922e+02 0.000000000000000000e+00 1.090552236000000008e-01 -2.345755944000000000e+03 1.296466541000000063e+02 0.000000000000000000e+00 0.000000000000000000e+00 -2.345755944000000000e+03 1.296466541000000063e+02 0.000000000000000000e+00
0.000000000000000000e+00 4.366666666666666252e+00 1.000000000000000000e+01 0.000000000000000000e+00 1.090742688999999932e-01 5.408113961999999901e+02 1.218347370000000041e+02 0.000000000000000000e+00 1.669959293000000122e-01 -1.113920135999999957e+03 -4.159751527999999894e+02 0.000000000000000000e+00 0.000000000000000000e+00 -1.113920135999999957e+03 -4.159751527999999894e+02 0.000000000000000000e+00
0.000000000000000000e+00 5.000000000000000000e+00 -1.000000000000000000e+01 0.000000000000000000e+00 1.060908609000000002e-01 6.710139208000000508e+02 -8.059880475999999305e+01 0.000000000000000000e+00 -1.527440226000000012e-01 -5.350864364999999907e+02 2.942635641000000035e+01 0.000000000000000000e+00 0.000000000000000000e+00 -5.350864364999999907e+02 2.942635641000000035e+01 0.000000000000000000e+00
0.000000000000000000e+00 5.000000000000000000e+00 -6.666666666666666075e+00 0.000000000000000000e+00 9.069417093999999901e-02 -5.964624737000000323e+02 7.919487161000000697e+01 0.000000000000000000e+00 -9.907620246999999936e-02 7.248571018000000095e+02 9.511479595999999503e+01 0.000000000000000000e+00 0.000000000000000000e+00 7.248571018000000095e+02 9.511479595999999503e+01 0.000000000000000000e+00
0.000000000000000000e+00 5.000000000000000000e+00 -3.333333333333333037e+00 0.000000000000000000e+00 8.189938204999999694e-02 -1.216821204000000080e+03 1.333205681000000027e+02 0.000000000000000000e+00 -4.859455025000000011e-02 2.166087221000000227e+03 -4.755915277999999944e+02 0.000000000000000000e+00 0.000000000000000000e+00 2.166087221000000227e+03 -4.755915277999999944e+02 0.000000000000000000e+00
0.000000000000000000e+00 5.000000000000000000e+00 0.000000000000000000e+00 0.000000000000000000e+00 7.904568331000000336e-02 -2.518025097999999957e+02 5.117411333999999812e+01 0.000000000000000000e+00 2.195927822999999880e-04 3.802293288000000189e+02 -1.575928941999999999e+01 0.000000000000000000e+00 0.000000000000000000e+00 3.802293288000000189e+02 -1.575928941999999999e+01 0.000000000000000000e+00
0.000000000000000000e+00 5.000000000000000000e+00 3.333333333333333925e+00 0.000000000000000000e+00 8.192846884000000440e-02 6.984741295999999693e+02 1.176170326000000017e+02 0.000000000000000000e+00 4.895948669999999892e-02 -2.183062827999999911e+02 1.917869254000000012e+02 0.000000000000000000e+00 0.000000000000000000e+00 -2.183062827999999911e+02 1.917869254000000012e+02 0.000000000000000000e+00
0.000000000000000000e+00 5.000000000000000000e+00 6.666666666666667851e+00 0.000000000000000000e+00 9.075385831000000458e-02 8.655338328999999931e+01 2.821560357999999837e+02 0.000000000000000000e+00 9.927390849999999378e-02 -3.345309073000000240e+02 -1.171891925999999984e+02 0.000000000000000000e+00 0.000000000000000000e+00 -3.345309073000000240e+02 -1.171891925999999984e+02 0.000000000000000000e+00
0.000000000000000000e+00 5.000000000000000000e+00 1.000000000000000000e+01 0.000000000000000000e+00 1.061384459000000030e-01 -1.550214621999999963e+03 -8.892746088999999756e+02 0.000000000000000000e+00 1.527610026000000010e-01 2.694301144000000022e+03 5.020460458000000017e+02 0.000000000000000000e+00 0.000000000000000000e+00 2.694301144000000022e+03 5.020460458000000017e+02 0.000000000000000000e+00
