3993 4120
-1 0 
0 1 
0 2 
1 3 
1 4 
2 5 
2 6 
3 7 
3 8 
4 9 
4 10 
5 11 
5 12 
6 13 
6 14 
7 15 
7 16 
8 17 
8 18 
9 19 
9 20 
10 21 
10 22 
11 23 
11 24 
12 25 
12 26 
13 27 
13 28 
14 29 
14 30 
15 31 
15 32 
16 33 
16 34 
17 35 
17 36 
18 37 
18 38 
19 39 
19 40 
20 41 
20 42 
21 43 
21 44 
22 45 
22 46 
23 47 
23 48 
24 49 
24 50 
25 51 
25 52 
26 53 
26 54 
27 55 
27 56 
28 57 
28 58 
29 59 
29 60 
30 61 
30 62 
31 63 
63 64 55
63 65 328
63 66 363
63 67 445
63 68 533
63 69 561
63 70 643
63 71 814
63 72 816
63 73 994
63 74 1113
63 75 1284
63 76 1306
63 77 1380
63 78 1400
63 79 1483
63 80 1680
63 81 1778
63 82 1809
63 83 1904
63 84 1940
63 85 1958
63 86 1987
63 87 1988
63 88 1992
63 89 1998
63 90 2002
63 91 2003
63 92 2029
63 93 2106
63 94 2174
63 95 2176
63 96 2236
63 97 2240
63 98 2329
63 99 2366
63 100 2408
63 101 2445
63 102 2511
63 103 2512
63 104 2578
63 105 2645
63 106 2719
63 107 2721
63 108 2722
63 109 2726
63 110 2787
63 111 2876
63 112 3108
63 113 3163
63 114 3275
63 115 3284
63 116 3285
63 117 3286
63 118 3296
63 119 3459
63 120 3476
63 121 3600
63 122 3692
63 123 3702
63 124 3847
63 125 3867
63 126 3872
31 127 
127 128 401
127 129 478
127 130 499
127 131 500
127 132 671
127 133 743
127 134 750
127 135 803
127 136 804
127 137 911
127 138 980
127 139 1023
127 140 1149
127 141 1191
127 142 1238
127 143 1489
127 144 1790
127 145 1926
127 146 1957
127 147 1960
127 148 2039
127 149 2130
127 150 2144
127 151 2167
127 152 2231
127 153 2353
127 154 2357
127 155 2435
127 156 2437
127 157 2514
127 158 2555
127 159 2568
127 160 2674
127 161 2884
127 162 2886
127 163 2940
127 164 2944
127 165 2950
127 166 3056
127 167 3097
127 168 3116
127 169 3166
127 170 3168
127 171 3210
127 172 3223
127 173 3227
127 174 3228
127 175 3255
127 176 3292
127 177 3418
127 178 3426
127 179 3434
127 180 3444
127 181 3449
127 182 3483
127 183 3603
127 184 3609
127 185 3614
127 186 3682
127 187 3696
127 188 3865
127 189 3870
32 190 
190 191 13
190 192 24
190 193 58
190 194 446
190 195 521
190 196 1029
190 197 1030
190 198 1044
190 199 1192
190 200 1255
190 201 1260
190 202 1410
190 203 1642
190 204 1911
190 205 1994
190 206 2024
190 207 2063
190 208 2064
190 209 2066
190 210 2067
190 211 2070
190 212 2108
190 213 2177
190 214 2178
190 215 2181
190 216 2185
190 217 2186
190 218 2261
190 219 2283
190 220 2318
190 221 2361
190 222 2410
190 223 2440
190 224 2442
190 225 2444
190 226 2477
190 227 2507
190 228 2513
190 229 2518
190 230 2519
190 231 2527
190 232 2551
190 233 2620
190 234 2723
190 235 2826
190 236 2844
190 237 2887
190 238 3207
190 239 3224
190 240 3344
190 241 3364
190 242 3416
190 243 3445
190 244 3448
190 245 3475
190 246 3489
190 247 3505
190 248 3548
190 249 3564
190 250 3693
190 251 3795
190 252 3846
190 253 3957
32 254 
254 255 43
254 256 176
254 257 229
254 258 248
254 259 311
254 260 341
254 261 481
254 262 795
254 263 1017
254 264 1053
254 265 1365
254 266 1445
254 267 1469
254 268 1498
254 269 1518
254 270 1632
254 271 1691
254 272 1723
254 273 1878
254 274 1937
254 275 1951
254 276 2008
254 277 2014
254 278 2015
254 279 2077
254 280 2081
254 281 2090
254 282 2094
254 283 2193
254 284 2195
254 285 2204
254 286 2238
254 287 2262
254 288 2282
254 289 2343
254 290 2356
254 291 2379
254 292 2441
254 293 2452
254 294 2478
254 295 2523
254 296 2547
254 297 2671
254 298 2754
254 299 2757
254 300 2758
254 301 2773
254 302 2783
254 303 2793
254 304 2916
254 305 2941
254 306 2951
254 307 2984
254 308 2994
254 309 3167
254 310 3187
254 311 3423
254 312 3643
254 313 3675
254 314 3707
254 315 3710
254 316 3849
33 317 
317 318 162
317 319 251
317 320 377
317 321 390
317 322 436
317 323 456
317 324 484
317 325 494
317 326 520
317 327 562
317 328 709
317 329 744
317 330 1148
317 331 1194
317 332 1482
317 333 1520
317 334 1541
317 335 1576
317 336 1645
317 337 1752
317 338 1859
317 339 1860
317 340 1869
317 341 1943
317 342 1967
317 343 2041
317 344 2111
317 345 2146
317 346 2239
317 347 2241
317 348 2242
317 349 2277
317 350 2295
317 351 2363
317 352 2378
317 353 2434
317 354 2436
317 355 2485
317 356 2486
317 357 2528
317 358 2665
317 359 2677
317 360 2688
317 361 2738
317 362 2740
317 363 2749
317 364 2760
317 365 2766
317 366 2772
317 367 2790
317 368 2831
317 369 2832
317 370 2833
317 371 2837
317 372 3030
317 373 3117
317 374 3157
317 375 3200
317 376 3333
317 377 3451
317 378 3484
317 379 3557
317 380 3918
33 381 
381 382 155
381 383 161
381 384 485
381 385 486
381 386 522
381 387 556
381 388 602
381 389 664
381 390 1127
381 391 1249
381 392 1290
381 393 1307
381 394 1317
381 395 1318
381 396 1432
381 397 1781
381 398 1782
381 399 1783
381 400 1784
381 401 1844
381 402 1893
381 403 1894
381 404 1899
381 405 1900
381 406 1901
381 407 1902
381 408 1961
381 409 1962
381 410 2032
381 411 2061
381 412 2097
381 413 2116
381 414 2117
381 415 2315
381 416 2328
381 417 2448
381 418 2496
381 419 2533
381 420 2603
381 421 2657
381 422 2689
381 423 2958
381 424 2959
381 425 3273
381 426 3318
381 427 3332
381 428 3352
381 429 3381
381 430 3386
381 431 3470
381 432 3515
381 433 3590
381 434 3671
381 435 3676
381 436 3690
381 437 3716
381 438 3730
381 439 3790
381 440 3813
381 441 3814
381 442 3886
381 443 3887
34 444 
444 445 16
444 446 374
444 447 536
444 448 537
444 449 608
444 450 782
444 451 896
444 452 900
444 453 1210
444 454 1291
444 455 1393
444 456 1406
444 457 1573
444 458 1731
444 459 1772
444 460 1838
444 461 1840
444 462 1854
444 463 1867
444 464 1909
444 465 1910
444 466 1914
444 467 1930
444 468 2103
444 469 2126
444 470 2149
444 471 2163
444 472 2218
444 473 2226
444 474 2326
444 475 2368
444 476 2389
444 477 2390
444 478 2453
444 479 2517
444 480 2569
444 481 2574
444 482 2618
444 483 2631
444 484 2669
444 485 2686
444 486 2687
444 487 2704
444 488 2715
444 489 2716
444 490 2812
444 491 2829
444 492 2882
444 493 2912
444 494 2924
444 495 2995
444 496 3011
444 497 3048
444 498 3260
444 499 3265
444 500 3337
444 501 3338
444 502 3390
444 503 3392
444 504 3395
444 505 3581
444 506 3595
444 507 3935
34 508 
508 509 551
508 510 852
508 511 895
508 512 1180
508 513 1224
508 514 1226
508 515 1264
508 516 1339
508 517 1521
508 518 1542
508 519 1570
508 520 1587
508 521 1757
508 522 1787
508 523 1929
508 524 1935
508 525 1991
508 526 2001
508 527 2023
508 528 2042
508 529 2100
508 530 2120
508 531 2132
508 532 2162
508 533 2187
508 534 2188
508 535 2190
508 536 2216
508 537 2217
508 538 2246
508 539 2248
508 540 2270
508 541 2272
508 542 2288
508 543 2450
508 544 2484
508 545 2681
508 546 2682
508 547 2713
508 548 2762
508 549 2769
508 550 2798
508 551 2799
508 552 2825
508 553 2931
508 554 2932
508 555 2993
508 556 3118
508 557 3121
508 558 3122
508 559 3123
508 560 3162
508 561 3233
508 562 3278
508 563 3326
508 564 3328
508 565 3331
508 566 3365
508 567 3602
508 568 3667
508 569 3691
508 570 3842
35 571 
571 572 163
571 573 164
571 574 192
571 575 509
571 576 1045
571 577 1158
571 578 1293
571 579 1373
571 580 1579
571 581 1580
571 582 1742
571 583 1811
571 584 1835
571 585 1908
571 586 1924
571 587 1950
571 588 2006
571 589 2021
571 590 2022
571 591 2037
571 592 2096
571 593 2196
571 594 2260
571 595 2263
571 596 2285
571 597 2287
571 598 2424
571 599 2451
571 600 2521
571 601 2561
571 602 2807
571 603 2808
571 604 2981
571 605 2982
571 606 2983
571 607 3026
571 608 3046
571 609 3120
571 610 3132
571 611 3134
571 612 3139
571 613 3266
571 614 3301
571 615 3315
571 616 3330
571 617 3393
571 618 3394
571 619 3397
571 620 3399
571 621 3533
571 622 3535
571 623 3562
571 624 3664
571 625 3669
571 626 3703
571 627 3704
571 628 3745
571 629 3758
571 630 3761
571 631 3762
571 632 3786
571 633 3835
571 634 3837
35 635 
635 636 414
635 637 1211
635 638 1275
635 639 1276
635 640 1277
635 641 1329
635 642 1331
635 643 1332
635 644 2069
635 645 2182
635 646 2184
635 647 2200
635 648 2228
635 649 2271
635 650 2415
635 651 2455
635 652 2504
635 653 2524
635 654 2542
635 655 2554
635 656 2580
635 657 2581
635 658 2588
635 659 2647
635 660 2764
635 661 2774
635 662 2775
635 663 2820
635 664 2997
635 665 3013
635 666 3014
635 667 3015
635 668 3016
635 669 3017
635 670 3018
635 671 3019
635 672 3020
635 673 3021
635 674 3022
635 675 3023
635 676 3024
635 677 3025
635 678 3038
635 679 3039
635 680 3040
635 681 3041
635 682 3042
635 683 3049
635 684 3050
635 685 3051
635 686 3052
635 687 3053
635 688 3054
635 689 3057
635 690 3058
635 691 3059
635 692 3060
635 693 3068
635 694 3070
635 695 3071
635 696 3467
635 697 3537
36 698 
698 699 201
698 700 367
698 701 457
698 702 1265
698 703 1493
698 704 1644
698 705 1890
698 706 1925
698 707 1928
698 708 2065
698 709 2078
698 710 2118
698 711 2208
698 712 2371
698 713 2383
698 714 2405
698 715 2454
698 716 2456
698 717 2461
698 718 2462
698 719 2463
698 720 2488
698 721 2636
698 722 2661
698 723 2714
698 724 2747
698 725 2830
698 726 2857
698 727 2953
698 728 2954
698 729 3010
698 730 3047
698 731 3063
698 732 3064
698 733 3081
698 734 3095
698 735 3100
698 736 3104
698 737 3106
698 738 3109
698 739 3112
698 740 3113
698 741 3217
698 742 3287
698 743 3288
698 744 3312
698 745 3346
698 746 3361
698 747 3398
698 748 3406
698 749 3439
698 750 3441
698 751 3442
698 752 3487
698 753 3488
698 754 3565
698 755 3620
698 756 3631
698 757 3634
698 758 3686
698 759 3775
698 760 3787
698 761 3815
36 762 
762 763 672
762 764 1891
762 765 2276
762 766 2354
762 767 2386
762 768 2438
762 769 2822
762 770 2849
762 771 2952
762 772 3007
762 773 3036
762 774 3062
762 775 3065
762 776 3066
762 777 3074
762 778 3075
762 779 3076
762 780 3077
762 781 3079
762 782 3080
762 783 3082
762 784 3083
762 785 3084
762 786 3085
762 787 3086
762 788 3087
762 789 3088
762 790 3089
762 791 3090
762 792 3091
762 793 3092
762 794 3093
762 795 3096
762 796 3098
762 797 3099
762 798 3101
762 799 3102
762 800 3103
762 801 3105
762 802 3107
762 803 3111
762 804 3115
762 805 3547
762 806 3608
762 807 3610
762 808 3611
762 809 3612
762 810 3613
762 811 3617
762 812 3619
762 813 3621
762 814 3622
762 815 3623
762 816 3624
762 817 3625
762 818 3629
762 819 3630
762 820 3632
762 821 3633
762 822 3636
762 823 3637
762 824 3638
37 825 
825 826 183
825 827 604
825 828 1225
825 829 1280
825 830 1433
825 831 1687
825 832 2049
825 833 2050
825 834 2298
825 835 2367
825 836 2663
825 837 2727
825 838 2759
825 839 2802
825 840 2816
825 841 2817
825 842 3143
825 843 3145
825 844 3146
825 845 3153
825 846 3179
825 847 3203
825 848 3211
825 849 3229
825 850 3267
825 851 3268
825 852 3322
825 853 3325
825 854 3334
825 855 3335
825 856 3387
825 857 3388
825 858 3389
825 859 3396
825 860 3420
825 861 3506
825 862 3540
825 863 3572
825 864 3592
825 865 3593
825 866 3599
825 867 3649
825 868 3718
825 869 3720
825 870 3721
825 871 3722
825 872 3793
825 873 3944
825 874 3946
825 875 3948
825 876 3951
825 877 3956
825 878 3958
825 879 3960
825 880 3962
825 881 3963
825 882 3965
825 883 3966
825 884 3968
825 885 3970
825 886 3975
825 887 3991
825 888 3992
37 889 
889 890 649
889 891 951
889 892 954
889 893 1115
889 894 1206
889 895 1236
889 896 1262
889 897 1361
889 898 1588
889 899 1932
889 900 1942
889 901 2046
889 902 2082
889 903 2161
889 904 2221
889 905 2291
889 906 2292
889 907 2293
889 908 2327
889 909 2373
889 910 2508
889 911 2557
889 912 2558
889 913 2571
889 914 2573
889 915 2607
889 916 2609
889 917 2639
889 918 2673
889 919 2815
889 920 2891
889 921 2893
889 922 2894
889 923 2895
889 924 2896
889 925 2929
889 926 2965
889 927 3152
889 928 3154
889 929 3202
889 930 3215
889 931 3314
889 932 3324
889 933 3532
889 934 3651
889 935 3652
889 936 3697
889 937 3698
889 938 3699
889 939 3719
889 940 3726
889 941 3776
889 942 3844
889 943 3883
889 944 3952
889 945 3953
889 946 3976
889 947 3978
889 948 3983
889 949 3986
889 950 3988
889 951 3989
38 952 
952 953 137
952 954 206
952 955 378
952 956 404
952 957 405
952 958 453
952 959 779
952 960 780
952 961 781
952 962 1070
952 963 1164
952 964 1305
952 965 1394
952 966 1491
952 967 1492
952 968 1510
952 969 1512
952 970 1513
952 971 1563
952 972 1611
952 973 1612
952 974 1625
952 975 1626
952 976 1651
952 977 1744
952 978 1813
952 979 1814
952 980 1815
952 981 2047
952 982 2102
952 983 2258
952 984 2364
952 985 2614
952 986 2871
952 987 2918
952 988 3135
952 989 3159
952 990 3160
952 991 3180
952 992 3234
952 993 3237
952 994 3238
952 995 3239
952 996 3299
952 997 3323
952 998 3367
952 999 3368
952 1000 3431
952 1001 3486
952 1002 3528
952 1003 3551
952 1004 3552
952 1005 3582
952 1006 3606
952 1007 3772
952 1008 3823
952 1009 3850
952 1010 3851
952 1011 3873
952 1012 3878
952 1013 3879
952 1014 3928
38 1015 
1015 1016 254
1015 1017 267
1015 1018 375
1015 1019 386
1015 1020 387
1015 1021 892
1015 1022 984
1015 1023 985
1015 1024 1065
1015 1025 1159
1015 1026 1511
1015 1027 1523
1015 1028 1529
1015 1029 1628
1015 1030 1810
1015 1031 1882
1015 1032 2051
1015 1033 2151
1015 1034 2159
1015 1035 2160
1015 1036 2201
1015 1037 2203
1015 1038 2206
1015 1039 2207
1015 1040 2314
1015 1041 2355
1015 1042 2467
1015 1043 2516
1015 1044 2570
1015 1045 2615
1015 1046 2660
1015 1047 2662
1015 1048 2743
1015 1049 2806
1015 1050 2813
1015 1051 2824
1015 1052 2834
1015 1053 2900
1015 1054 3142
1015 1055 3214
1015 1056 3272
1015 1057 3289
1015 1058 3327
1015 1059 3341
1015 1060 3363
1015 1061 3498
1015 1062 3525
1015 1063 3591
1015 1064 3668
1015 1065 3684
1015 1066 3685
1015 1067 3783
1015 1068 3784
1015 1069 3788
1015 1070 3819
1015 1071 3824
1015 1072 3830
1015 1073 3838
1015 1074 3845
1015 1075 3916
1015 1076 3917
1015 1077 3922
39 1078 
1078 1079 146
1078 1080 429
1078 1081 563
1078 1082 609
1078 1083 615
1078 1084 907
1078 1085 988
1078 1086 993
1078 1087 1146
1078 1088 1198
1078 1089 1223
1078 1090 1362
1078 1091 1363
1078 1092 1496
1078 1093 1517
1078 1094 1868
1078 1095 1880
1078 1096 1897
1078 1097 1898
1078 1098 1948
1078 1099 1979
1078 1100 1981
1078 1101 1982
1078 1102 1989
1078 1103 2044
1078 1104 2045
1078 1105 2068
1078 1106 2071
1078 1107 2072
1078 1108 2109
1078 1109 2110
1078 1110 2131
1078 1111 2152
1078 1112 2153
1078 1113 2154
1078 1114 2172
1078 1115 2251
1078 1116 2256
1078 1117 2257
1078 1118 2347
1078 1119 2392
1078 1120 2393
1078 1121 2413
1078 1122 2446
1078 1123 2457
1078 1124 2474
1078 1125 2475
1078 1126 2483
1078 1127 2525
1078 1128 2541
1078 1129 2543
1078 1130 2582
1078 1131 2583
1078 1132 2584
1078 1133 2642
1078 1134 2643
1078 1135 2693
1078 1136 2752
1078 1137 2935
1078 1138 2949
1078 1139 3303
1078 1140 3672
1078 1141 3748
39 1142 
1142 1143 282
1142 1144 300
1142 1145 351
1142 1146 475
1142 1147 491
1142 1148 492
1142 1149 496
1142 1150 632
1142 1151 880
1142 1152 883
1142 1153 940
1142 1154 1032
1142 1155 1157
1142 1156 1889
1142 1157 1912
1142 1158 1938
1142 1159 1953
1142 1160 1959
1142 1161 1993
1142 1162 1997
1142 1163 1999
1142 1164 2026
1142 1165 2038
1142 1166 2073
1142 1167 2104
1142 1168 2105
1142 1169 2134
1142 1170 2155
1142 1171 2173
1142 1172 2180
1142 1173 2280
1142 1174 2281
1142 1175 2313
1142 1176 2316
1142 1177 2321
1142 1178 2333
1142 1179 2459
1142 1180 2577
1142 1181 2579
1142 1182 2641
1142 1183 2709
1142 1184 2710
1142 1185 2750
1142 1186 2848
1142 1187 2880
1142 1188 2883
1142 1189 2901
1142 1190 3274
1142 1191 3290
1142 1192 3294
1142 1193 3351
1142 1194 3422
1142 1195 3543
1142 1196 3553
1142 1197 3554
1142 1198 3604
1142 1199 3670
1142 1200 3708
1142 1201 3709
1142 1202 3773
1142 1203 3774
1142 1204 3777
40 1205 
1205 1206 40
1205 1207 50
1205 1208 66
1205 1209 118
1205 1210 178
1205 1211 179
1205 1212 195
1205 1213 238
1205 1214 240
1205 1215 283
1205 1216 309
1205 1217 349
1205 1218 474
1205 1219 620
1205 1220 621
1205 1221 703
1205 1222 705
1205 1223 707
1205 1224 762
1205 1225 873
1205 1226 897
1205 1227 1118
1205 1228 1196
1205 1229 1246
1205 1230 1348
1205 1231 1490
1205 1232 1595
1205 1233 1933
1205 1234 2027
1205 1235 2076
1205 1236 2143
1205 1237 2171
1205 1238 2191
1205 1239 2279
1205 1240 2375
1205 1241 2382
1205 1242 2418
1205 1243 2531
1205 1244 2616
1205 1245 2635
1205 1246 2655
1205 1247 2667
1205 1248 2676
1205 1249 2701
1205 1250 2731
1205 1251 2828
1205 1252 2867
1205 1253 2868
1205 1254 2986
1205 1255 2996
1205 1256 3055
1205 1257 3253
1205 1258 3258
1205 1259 3297
1205 1260 3320
1205 1261 3500
1205 1262 3521
1205 1263 3558
1205 1264 3663
1205 1265 3825
1205 1266 3827
1205 1267 3836
1205 1268 3871
40 1269 
1269 1270 60
1269 1271 177
1269 1272 184
1269 1273 304
1269 1274 305
1269 1275 318
1269 1276 415
1269 1277 437
1269 1278 470
1269 1279 476
1269 1280 477
1269 1281 612
1269 1282 625
1269 1283 702
1269 1284 791
1269 1285 794
1269 1286 1014
1269 1287 1830
1269 1288 1836
1269 1289 1842
1269 1290 1863
1269 1291 1934
1269 1292 2028
1269 1293 2113
1269 1294 2175
1269 1295 2245
1269 1296 2294
1269 1297 2351
1269 1298 2360
1269 1299 2362
1269 1300 2473
1269 1301 2503
1269 1302 2505
1269 1303 2510
1269 1304 2515
1269 1305 2530
1269 1306 2538
1269 1307 2560
1269 1308 2564
1269 1309 2576
1269 1310 2608
1269 1311 2646
1269 1312 2927
1269 1313 2999
1269 1314 3027
1269 1315 3073
1269 1316 3078
1269 1317 3094
1269 1318 3114
1269 1319 3126
1269 1320 3199
1269 1321 3206
1269 1322 3345
1269 1323 3769
1269 1324 3857
1269 1325 3858
1269 1326 3882
1269 1327 3885
1269 1328 3894
1269 1329 3898
1269 1330 3900
1269 1331 3903
41 1332 
1332 1333 466
1332 1334 469
1332 1335 483
1332 1336 3481
1332 1337 3482
1332 1338 3522
1332 1339 3523
1332 1340 3530
1332 1341 3531
1332 1342 3539
1332 1343 3541
1332 1344 3544
1332 1345 3546
1332 1346 3587
1332 1347 3589
1332 1348 3598
1332 1349 3607
1332 1350 3618
1332 1351 3635
1332 1352 3654
1332 1353 3657
1332 1354 3673
1332 1355 3674
1332 1356 3677
1332 1357 3678
1332 1358 3679
1332 1359 3681
1332 1360 3687
1332 1361 3689
1332 1362 3701
1332 1363 3711
1332 1364 3717
1332 1365 3723
1332 1366 3724
1332 1367 3725
1332 1368 3727
1332 1369 3728
1332 1370 3729
1332 1371 3737
1332 1372 3740
1332 1373 3749
1332 1374 3752
1332 1375 3755
1332 1376 3760
1332 1377 3766
1332 1378 3770
1332 1379 3771
1332 1380 3778
1332 1381 3782
1332 1382 3806
1332 1383 3807
1332 1384 3808
1332 1385 3828
1332 1386 3832
1332 1387 3853
1332 1388 3863
1332 1389 3864
1332 1390 3866
1332 1391 3904
1332 1392 3913
1332 1393 3915
1332 1394 3941
1332 1395 3943
41 1396 
1396 1397 788
1396 1398 979
1396 1399 2101
1396 1400 2128
1396 1401 2230
1396 1402 2401
1396 1403 2795
1396 1404 2797
1396 1405 2804
1396 1406 2821
1396 1407 2823
1396 1408 2827
1396 1409 2841
1396 1410 2858
1396 1411 2879
1396 1412 2881
1396 1413 2885
1396 1414 2933
1396 1415 2936
1396 1416 2937
1396 1417 2945
1396 1418 2946
1396 1419 2974
1396 1420 2988
1396 1421 3003
1396 1422 3005
1396 1423 3128
1396 1424 3131
1396 1425 3155
1396 1426 3169
1396 1427 3193
1396 1428 3205
1396 1429 3218
1396 1430 3249
1396 1431 3264
1396 1432 3295
1396 1433 3309
1396 1434 3321
1396 1435 3343
1396 1436 3348
1396 1437 3358
1396 1438 3366
1396 1439 3369
1396 1440 3373
1396 1441 3383
1396 1442 3400
1396 1443 3401
1396 1444 3402
1396 1445 3403
1396 1446 3404
1396 1447 3409
1396 1448 3415
1396 1449 3421
1396 1450 3465
1396 1451 3466
1396 1452 3468
1396 1453 3471
1396 1454 3477
1396 1455 3480
1396 1456 3566
1396 1457 3810
1396 1458 3914
42 1459 
1459 1460 982
1459 1461 1171
1459 1462 1270
1459 1463 1724
1459 1464 1733
1459 1465 1793
1459 1466 1821
1459 1467 1846
1459 1468 1847
1459 1469 1848
1459 1470 1853
1459 1471 1861
1459 1472 1862
1459 1473 1905
1459 1474 1913
1459 1475 1915
1459 1476 1916
1459 1477 1918
1459 1478 1936
1459 1479 1939
1459 1480 1956
1459 1481 2139
1459 1482 2170
1459 1483 2202
1459 1484 2209
1459 1485 2227
1459 1486 2234
1459 1487 2249
1459 1488 2259
1459 1489 2267
1459 1490 2275
1459 1491 2286
1459 1492 2311
1459 1493 2312
1459 1494 2352
1459 1495 2358
1459 1496 2417
1459 1497 2429
1459 1498 2471
1459 1499 2492
1459 1500 2595
1459 1501 2617
1459 1502 2626
1459 1503 2632
1459 1504 2649
1459 1505 2653
1459 1506 2654
1459 1507 2656
1459 1508 2670
1459 1509 2672
1459 1510 2685
1459 1511 2708
1459 1512 2718
1459 1513 2736
1459 1514 2770
1459 1515 2771
1459 1516 2781
1459 1517 2794
1459 1518 3954
1459 1519 3969
1459 1520 3971
1459 1521 3972
42 1522 
1522 1523 45
1522 1524 223
1522 1525 365
1522 1526 465
1522 1527 583
1522 1528 619
1522 1529 623
1522 1530 635
1522 1531 931
1522 1532 965
1522 1533 1199
1522 1534 1377
1522 1535 1399
1522 1536 1717
1522 1537 1735
1522 1538 1756
1522 1539 1761
1522 1540 1779
1522 1541 1780
1522 1542 1837
1522 1543 1845
1522 1544 1855
1522 1545 1865
1522 1546 1921
1522 1547 1944
1522 1548 1963
1522 1549 1990
1522 1550 2000
1522 1551 2020
1522 1552 2030
1522 1553 2031
1522 1554 2034
1522 1555 2035
1522 1556 2043
1522 1557 2052
1522 1558 2060
1522 1559 2074
1522 1560 2084
1522 1561 2107
1522 1562 2119
1522 1563 2122
1522 1564 2136
1522 1565 2157
1522 1566 2365
1522 1567 2369
1522 1568 2502
1522 1569 2509
1522 1570 2526
1522 1571 2545
1522 1572 2548
1522 1573 2559
1522 1574 2594
1522 1575 2596
1522 1576 2604
1522 1577 2690
1522 1578 2720
1522 1579 2729
1522 1580 3124
1522 1581 3378
1522 1582 3380
1522 1583 3513
1522 1584 3605
43 1585 
1585 1586 76
1585 1587 99
1585 1588 123
1585 1589 131
1585 1590 132
1585 1591 169
1585 1592 180
1585 1593 208
1585 1594 210
1585 1595 211
1585 1596 221
1585 1597 284
1585 1598 326
1585 1599 338
1585 1600 340
1585 1601 344
1585 1602 426
1585 1603 463
1585 1604 464
1585 1605 627
1585 1606 696
1585 1607 697
1585 1608 701
1585 1609 1197
1585 1610 1314
1585 1611 1407
1585 1612 1486
1585 1613 1519
1585 1614 1711
1585 1615 1805
1585 1616 1833
1585 1617 1852
1585 1618 1970
1585 1619 1972
1585 1620 2016
1585 1621 2058
1585 1622 2098
1585 1623 2210
1585 1624 2235
1585 1625 2264
1585 1626 2344
1585 1627 2381
1585 1628 2466
1585 1629 2498
1585 1630 2606
1585 1631 2675
1585 1632 2695
1585 1633 2756
1585 1634 2776
1585 1635 2859
1585 1636 2863
1585 1637 2864
1585 1638 2903
1585 1639 2904
1585 1640 2911
1585 1641 2920
1585 1642 3313
1585 1643 3317
1585 1644 3520
1585 1645 3662
1585 1646 3739
1585 1647 3750
1585 1648 3779
43 1649 
1649 1650 35
1649 1651 36
1649 1652 57
1649 1653 64
1649 1654 75
1649 1655 79
1649 1656 84
1649 1657 86
1649 1658 96
1649 1659 100
1649 1660 170
1649 1661 205
1649 1662 214
1649 1663 219
1649 1664 241
1649 1665 242
1649 1666 260
1649 1667 289
1649 1668 360
1649 1669 368
1649 1670 373
1649 1671 384
1649 1672 385
1649 1673 396
1649 1674 400
1649 1675 424
1649 1676 431
1649 1677 458
1649 1678 529
1649 1679 601
1649 1680 659
1649 1681 786
1649 1682 787
1649 1683 799
1649 1684 800
1649 1685 887
1649 1686 975
1649 1687 976
1649 1688 983
1649 1689 1074
1649 1690 1114
1649 1691 1514
1649 1692 1524
1649 1693 1652
1649 1694 1729
1649 1695 1743
1649 1696 1746
1649 1697 1804
1649 1698 1892
1649 1699 1949
1649 1700 2018
1649 1701 2115
1649 1702 2135
1649 1703 2384
1649 1704 2385
1649 1705 2402
1649 1706 2426
1649 1707 2427
1649 1708 2601
1649 1709 3174
1649 1710 3186
1649 1711 3666
44 1712 
1712 1713 46
1712 1714 56
1712 1715 198
1712 1716 245
1712 1717 295
1712 1718 306
1712 1719 346
1712 1720 461
1712 1721 467
1712 1722 660
1712 1723 862
1712 1724 1205
1712 1725 1217
1712 1726 1257
1712 1727 1635
1712 1728 1648
1712 1729 1704
1712 1730 1712
1712 1731 1722
1712 1732 1906
1712 1733 2133
1712 1734 2138
1712 1735 2183
1712 1736 2323
1712 1737 2335
1712 1738 2388
1712 1739 2432
1712 1740 2482
1712 1741 2499
1712 1742 2520
1712 1743 2540
1712 1744 2552
1712 1745 2598
1712 1746 2605
1712 1747 2627
1712 1748 2634
1712 1749 2651
1712 1750 2696
1712 1751 2699
1712 1752 2741
1712 1753 2745
1712 1754 2746
1712 1755 2751
1712 1756 2789
1712 1757 2803
1712 1758 2805
1712 1759 2905
1712 1760 2906
1712 1761 2907
1712 1762 2914
1712 1763 2966
1712 1764 3136
1712 1765 3137
1712 1766 3188
1712 1767 3250
1712 1768 3251
1712 1769 3252
1712 1770 3384
1712 1771 3385
1712 1772 3464
1712 1773 3512
1712 1774 3661
1712 1775 3908
44 1776 
1776 1777 61
1776 1778 116
1776 1779 181
1776 1780 202
1776 1781 213
1776 1782 269
1776 1783 310
1776 1784 315
1776 1785 406
1776 1786 468
1776 1787 530
1776 1788 641
1776 1789 1000
1776 1790 1082
1776 1791 1106
1776 1792 1457
1776 1793 1750
1776 1794 1817
1776 1795 1831
1776 1796 1851
1776 1797 1907
1776 1798 1974
1776 1799 2087
1776 1800 2141
1776 1801 2198
1776 1802 2214
1776 1803 2222
1776 1804 2305
1776 1805 2320
1776 1806 2331
1776 1807 2374
1776 1808 2458
1776 1809 2460
1776 1810 2487
1776 1811 2535
1776 1812 2536
1776 1813 2610
1776 1814 2637
1776 1815 2664
1776 1816 2683
1776 1817 2698
1776 1818 2777
1776 1819 2809
1776 1820 2861
1776 1821 2866
1776 1822 2928
1776 1823 2976
1776 1824 3175
1776 1825 3226
1776 1826 3254
1776 1827 3256
1776 1828 3257
1776 1829 3316
1776 1830 3447
1776 1831 3479
1776 1832 3555
1776 1833 3659
1776 1834 3763
1776 1835 3826
1776 1836 3833
1776 1837 3912
1776 1838 3920
45 1839 
1839 1840 236
1839 1841 294
1839 1842 307
1839 1843 323
1839 1844 359
1839 1845 362
1839 1846 403
1839 1847 449
1839 1848 590
1839 1849 597
1839 1850 721
1839 1851 753
1839 1852 792
1839 1853 1173
1839 1854 1200
1839 1855 1650
1839 1856 1732
1839 1857 1789
1839 1858 1858
1839 1859 1881
1839 1860 1941
1839 1861 1975
1839 1862 1976
1839 1863 1977
1839 1864 1986
1839 1865 2009
1839 1866 2010
1839 1867 2089
1839 1868 2140
1839 1869 2213
1839 1870 2247
1839 1871 2306
1839 1872 2307
1839 1873 2345
1839 1874 2397
1839 1875 2398
1839 1876 2403
1839 1877 2414
1839 1878 2439
1839 1879 2476
1839 1880 2537
1839 1881 2666
1839 1882 2755
1839 1883 2835
1839 1884 2836
1839 1885 2840
1839 1886 2862
1839 1887 2865
1839 1888 2899
1839 1889 2902
1839 1890 2908
1839 1891 2909
1839 1892 2913
1839 1893 2915
1839 1894 2987
1839 1895 3417
1839 1896 3440
1839 1897 3508
1839 1898 3509
1839 1899 3516
1839 1900 3583
1839 1901 3923
1839 1902 3940
45 1903 
1903 1904 41
1903 1905 145
1903 1906 171
1903 1907 285
1903 1908 314
1903 1909 316
1903 1910 366
1903 1911 427
1903 1912 631
1903 1913 722
1903 1914 968
1903 1915 1504
1903 1916 1764
1903 1917 1791
1903 1918 1832
1903 1919 1834
1903 1920 1879
1903 1921 1922
1903 1922 1923
1903 1923 1947
1903 1924 1964
1903 1925 1980
1903 1926 2013
1903 1927 2036
1903 1928 2059
1903 1929 2080
1903 1930 2211
1903 1931 2212
1903 1932 2302
1903 1933 2342
1903 1934 2359
1903 1935 2380
1903 1936 2420
1903 1937 2423
1903 1938 2472
1903 1939 2501
1903 1940 2589
1903 1941 2633
1903 1942 2659
1903 1943 2668
1903 1944 2694
1903 1945 2703
1903 1946 2733
1903 1947 2734
1903 1948 2742
1903 1949 2753
1903 1950 2810
1903 1951 2869
1903 1952 2910
1903 1953 2938
1903 1954 3037
1903 1955 3283
1903 1956 3310
1903 1957 3424
1903 1958 3453
1903 1959 3469
1903 1960 3472
1903 1961 3501
1903 1962 3519
1903 1963 3526
1903 1964 3756
1903 1965 3905
46 1966 
1966 1967 111
1966 1968 120
1966 1969 121
1966 1970 122
1966 1971 239
1966 1972 243
1966 1973 324
1966 1974 526
1966 1975 527
1966 1976 955
1966 1977 956
1966 1978 960
1966 1979 1013
1966 1980 1025
1966 1981 1129
1966 1982 1189
1966 1983 1643
1966 1984 1654
1966 1985 1660
1966 1986 1788
1966 1987 1857
1966 1988 1903
1966 1989 1952
1966 1990 1978
1966 1991 1984
1966 1992 2017
1966 1993 2055
1966 1994 2083
1966 1995 2085
1966 1996 2092
1966 1997 2095
1966 1998 2165
1966 1999 2220
1966 2000 2243
1966 2001 2284
1966 2002 2346
1966 2003 2348
1966 2004 2349
1966 2005 2395
1966 2006 2396
1966 2007 2406
1966 2008 2421
1966 2009 2422
1966 2010 2425
1966 2011 2563
1966 2012 2565
1966 2013 2711
1966 2014 2725
1966 2015 2779
1966 2016 2782
1966 2017 2786
1966 2018 2978
1966 2019 2980
1966 2020 3279
1966 2021 3298
1966 2022 3302
1966 2023 3436
1966 2024 3461
1966 2025 3463
1966 2026 3518
1966 2027 3586
1966 2028 3906
46 2029 
2029 2030 37
2029 2031 44
2029 2032 325
2029 2033 352
2029 2034 372
2029 2035 432
2029 2036 1130
2029 2037 1218
2029 2038 1471
2029 2039 1473
2029 2040 1485
2029 2041 1497
2029 2042 1502
2029 2043 1607
2029 2044 1709
2029 2045 1710
2029 2046 1870
2029 2047 1871
2029 2048 1872
2029 2049 1919
2029 2050 1920
2029 2051 1927
2029 2052 1983
2029 2053 2005
2029 2054 2057
2029 2055 2086
2029 2056 2088
2029 2057 2091
2029 2058 2099
2029 2059 2179
2029 2060 2205
2029 2061 2223
2029 2062 2308
2029 2063 2350
2029 2064 2404
2029 2065 2464
2029 2066 2465
2029 2067 2497
2029 2068 2500
2029 2069 2625
2029 2070 2691
2029 2071 2692
2029 2072 2763
2029 2073 2860
2029 2074 2979
2029 2075 2985
2029 2076 2992
2029 2077 3035
2029 2078 3161
2029 2079 3213
2029 2080 3382
2029 2081 3462
2029 2082 3495
2029 2083 3731
2029 2084 3732
2029 2085 3820
2029 2086 3831
2029 2087 3848
2029 2088 3899
2029 2089 3901
2029 2090 3902
2029 2091 3925
47 2092 
2092 2093 19
2092 2094 51
2092 2095 59
2092 2096 114
2092 2097 150
2092 2098 151
2092 2099 175
2092 2100 230
2092 2101 452
2092 2102 487
2092 2103 488
2092 2104 489
2092 2105 493
2092 2106 543
2092 2107 550
2092 2108 552
2092 2109 553
2092 2110 554
2092 2111 557
2092 2112 629
2092 2113 644
2092 2114 658
2092 2115 675
2092 2116 690
2092 2117 695
2092 2118 747
2092 2119 748
2092 2120 760
2092 2121 763
2092 2122 771
2092 2123 772
2092 2124 808
2092 2125 809
2092 2126 812
2092 2127 831
2092 2128 832
2092 2129 834
2092 2130 848
2092 2131 865
2092 2132 891
2092 2133 929
2092 2134 942
2092 2135 946
2092 2136 949
2092 2137 997
2092 2138 1018
2092 2139 1020
2092 2140 1021
2092 2141 1058
2092 2142 1136
2092 2143 1141
2092 2144 1142
2092 2145 1213
2092 2146 1219
2092 2147 1234
2092 2148 1237
2092 2149 1292
2092 2150 1351
2092 2151 1370
2092 2152 1392
2092 2153 1414
2092 2154 1488
2092 2155 1572
47 2156 
2156 2157 26
2156 2158 115
2156 2159 152
2156 2160 191
2156 2161 232
2156 2162 408
2156 2163 413
2156 2164 589
2156 2165 592
2156 2166 595
2156 2167 603
2156 2168 670
2156 2169 678
2156 2170 694
2156 2171 758
2156 2172 768
2156 2173 774
2156 2174 821
2156 2175 828
2156 2176 841
2156 2177 864
2156 2178 871
2156 2179 872
2156 2180 904
2156 2181 918
2156 2182 919
2156 2183 920
2156 2184 921
2156 2185 922
2156 2186 923
2156 2187 934
2156 2188 947
2156 2189 1015
2156 2190 1031
2156 2191 1054
2156 2192 1099
2156 2193 1188
2156 2194 1214
2156 2195 1221
2156 2196 1253
2156 2197 1267
2156 2198 1283
2156 2199 1325
2156 2200 1359
2156 2201 1409
2156 2202 1428
2156 2203 1429
2156 2204 1438
2156 2205 1447
2156 2206 1598
2156 2207 1692
2156 2208 1716
2156 2209 1795
2156 2210 1807
2156 2211 1825
2156 2212 1826
2156 2213 1969
2156 2214 2127
2156 2215 2254
2156 2216 2391
2156 2217 3008
2156 2218 3934
48 2219 
2219 2220 3
2219 2221 21
2219 2222 65
2219 2223 95
2219 2224 275
2219 2225 409
2219 2226 430
2219 2227 517
2219 2228 586
2219 2229 600
2219 2230 646
2219 2231 749
2219 2232 759
2219 2233 766
2219 2234 767
2219 2235 769
2219 2236 770
2219 2237 773
2219 2238 776
2219 2239 810
2219 2240 825
2219 2241 859
2219 2242 879
2219 2243 905
2219 2244 909
2219 2245 910
2219 2246 935
2219 2247 957
2219 2248 998
2219 2249 1056
2219 2250 1057
2219 2251 1059
2219 2252 1083
2219 2253 1104
2219 2254 1131
2219 2255 1132
2219 2256 1140
2219 2257 1143
2219 2258 1220
2219 2259 1235
2219 2260 1266
2219 2261 1302
2219 2262 1323
2219 2263 1358
2219 2264 1376
2219 2265 1389
2219 2266 1390
2219 2267 1391
2219 2268 1434
2219 2269 1610
2219 2270 1618
2219 2271 1663
2219 2272 1664
2219 2273 1675
2219 2274 1713
2219 2275 1714
2219 2276 1718
2219 2277 1754
2219 2278 1777
2219 2279 1794
2219 2280 1806
2219 2281 1808
2219 2282 1829
48 2283 
2283 2284 288
2283 2285 334
2283 2286 434
2283 2287 525
2283 2288 656
2283 2289 657
2283 2290 673
2283 2291 679
2283 2292 680
2283 2293 692
2283 2294 693
2283 2295 729
2283 2296 736
2283 2297 742
2283 2298 777
2283 2299 778
2283 2300 811
2283 2301 815
2283 2302 823
2283 2303 826
2283 2304 829
2283 2305 843
2283 2306 846
2283 2307 847
2283 2308 869
2283 2309 870
2283 2310 927
2283 2311 948
2283 2312 967
2283 2313 969
2283 2314 1041
2283 2315 1043
2283 2316 1089
2283 2317 1128
2283 2318 1133
2283 2319 1175
2283 2320 1183
2283 2321 1184
2283 2322 1254
2283 2323 1256
2283 2324 1288
2283 2325 1304
2283 2326 1324
2283 2327 1328
2283 2328 1347
2283 2329 1375
2283 2330 1439
2283 2331 1440
2283 2332 1441
2283 2333 1478
2283 2334 1596
2283 2335 1603
2283 2336 1619
2283 2337 1624
2283 2338 1655
2283 2339 1665
2283 2340 1667
2283 2341 1674
2283 2342 1708
2283 2343 1776
2283 2344 1796
2283 2345 1828
49 2346 
2346 2347 308
2346 2348 391
2346 2349 398
2346 2350 480
2346 2351 482
2346 2352 495
2346 2353 540
2346 2354 544
2346 2355 545
2346 2356 546
2346 2357 584
2346 2358 630
2346 2359 661
2346 2360 662
2346 2361 663
2346 2362 665
2346 2363 666
2346 2364 667
2346 2365 668
2346 2366 790
2346 2367 806
2346 2368 807
2346 2369 817
2346 2370 962
2346 2371 963
2346 2372 964
2346 2373 1038
2346 2374 1105
2346 2375 1121
2346 2376 1122
2346 2377 1123
2346 2378 1126
2346 2379 1138
2346 2380 1139
2346 2381 1166
2346 2382 1167
2346 2383 1172
2346 2384 1182
2346 2385 1228
2346 2386 1247
2346 2387 1248
2346 2388 1269
2346 2389 1285
2346 2390 1286
2346 2391 1309
2346 2392 1350
2346 2393 1443
2346 2394 1458
2346 2395 1466
2346 2396 1467
2346 2397 1476
2346 2398 1507
2346 2399 1508
2346 2400 1614
2346 2401 1615
2346 2402 1673
2346 2403 1683
2346 2404 1690
2346 2405 1697
2346 2406 1698
2346 2407 1769
2346 2408 1786
2346 2409 1797
49 2410 
2410 2411 30
2410 2412 97
2410 2413 154
2410 2414 322
2410 2415 339
2410 2416 508
2410 2417 560
2410 2418 578
2410 2419 581
2410 2420 582
2410 2421 585
2410 2422 677
2410 2423 885
2410 2424 1050
2410 2425 1062
2410 2426 1150
2410 2427 1176
2410 2428 1177
2410 2429 1185
2410 2430 1186
2410 2431 1195
2410 2432 1222
2410 2433 1271
2410 2434 1272
2410 2435 1273
2410 2436 1294
2410 2437 1296
2410 2438 1308
2410 2439 1337
2410 2440 1338
2410 2441 1340
2410 2442 1349
2410 2443 1352
2410 2444 1364
2410 2445 1366
2410 2446 1435
2410 2447 1437
2410 2448 1494
2410 2449 1495
2410 2450 1565
2410 2451 1566
2410 2452 1578
2410 2453 1584
2410 2454 1589
2410 2455 1604
2410 2456 1605
2410 2457 1606
2410 2458 1617
2410 2459 1669
2410 2460 1670
2410 2461 1671
2410 2462 1681
2410 2463 1685
2410 2464 1693
2410 2465 1700
2410 2466 1703
2410 2467 1755
2410 2468 1767
2410 2469 1768
2410 2470 1775
2410 2471 1785
2410 2472 3715
50 2473 
2473 2474 10
2473 2475 104
2473 2476 528
2473 2477 541
2473 2478 567
2473 2479 570
2473 2480 639
2473 2481 813
2473 2482 818
2473 2483 833
2473 2484 853
2473 2485 854
2473 2486 856
2473 2487 861
2473 2488 875
2473 2489 876
2473 2490 899
2473 2491 908
2473 2492 925
2473 2493 945
2473 2494 950
2473 2495 981
2473 2496 1027
2473 2497 1046
2473 2498 1047
2473 2499 1048
2473 2500 1096
2473 2501 1097
2473 2502 1144
2473 2503 1174
2473 2504 1203
2473 2505 1207
2473 2506 1239
2473 2507 1240
2473 2508 1241
2473 2509 1243
2473 2510 1244
2473 2511 1245
2473 2512 1282
2473 2513 1287
2473 2514 1335
2473 2515 1353
2473 2516 1360
2473 2517 1378
2473 2518 1379
2473 2519 1384
2473 2520 1444
2473 2521 1448
2473 2522 1449
2473 2523 1515
2473 2524 1516
2473 2525 1567
2473 2526 1577
2473 2527 1602
2473 2528 1657
2473 2529 1661
2473 2530 1668
2473 2531 1689
2473 2532 1694
2473 2533 1702
2473 2534 1715
2473 2535 1759
50 2536 
2536 2537 182
2536 2538 293
2536 2539 358
2536 2540 490
2536 2541 501
2536 2542 547
2536 2543 548
2536 2544 549
2536 2545 558
2536 2546 559
2536 2547 564
2536 2548 634
2536 2549 676
2536 2550 734
2536 2551 735
2536 2552 746
2536 2553 751
2536 2554 824
2536 2555 878
2536 2556 912
2536 2557 913
2536 2558 914
2536 2559 916
2536 2560 924
2536 2561 926
2536 2562 928
2536 2563 938
2536 2564 1022
2536 2565 1024
2536 2566 1026
2536 2567 1028
2536 2568 1034
2536 2569 1042
2536 2570 1051
2536 2571 1091
2536 2572 1094
2536 2573 1095
2536 2574 1135
2536 2575 1179
2536 2576 1181
2536 2577 1212
2536 2578 1263
2536 2579 1279
2536 2580 1281
2536 2581 1289
2536 2582 1303
2536 2583 1334
2536 2584 1367
2536 2585 1368
2536 2586 1559
2536 2587 1585
2536 2588 1590
2536 2589 1593
2536 2590 1594
2536 2591 1620
2536 2592 1621
2536 2593 1631
2536 2594 1720
2536 2595 1770
2536 2596 1771
2536 2597 1773
2536 2598 1799
51 2599 
2599 2600 119
2599 2601 329
2599 2602 331
2599 2603 335
2599 2604 336
2599 2605 337
2599 2606 353
2599 2607 435
2599 2608 443
2599 2609 515
2599 2610 573
2599 2611 574
2599 2612 576
2599 2613 617
2599 2614 653
2599 2615 727
2599 2616 840
2599 2617 881
2599 2618 952
2599 2619 958
2599 2620 989
2599 2621 1016
2599 2622 1019
2599 2623 1035
2599 2624 1055
2599 2625 1088
2599 2626 1109
2599 2627 1165
2599 2628 1230
2599 2629 1278
2599 2630 1297
2599 2631 1313
2599 2632 1336
2599 2633 1388
2599 2634 1405
2599 2635 1418
2599 2636 1548
2599 2637 1613
2599 2638 1623
2599 2639 1762
2599 2640 1968
2599 2641 2019
2599 2642 2197
2599 2643 2199
2599 2644 2250
2599 2645 2289
2599 2646 2340
2599 2647 2495
2599 2648 2593
2599 2649 2730
2599 2650 2732
2599 2651 2748
2599 2652 2846
2599 2653 2847
2599 2654 2969
2599 2655 2973
2599 2656 3379
2599 2657 3514
2599 2658 3665
2599 2659 3735
2599 2660 3811
2599 2661 3854
2599 2662 3868
51 2663 
2663 2664 23
2663 2665 39
2663 2666 136
2663 2667 299
2663 2668 421
2663 2669 571
2663 2670 572
2663 2671 598
2663 2672 651
2663 2673 681
2663 2674 686
2663 2675 689
2663 2676 724
2663 2677 725
2663 2678 726
2663 2679 728
2663 2680 730
2663 2681 731
2663 2682 733
2663 2683 739
2663 2684 740
2663 2685 830
2663 2686 836
2663 2687 838
2663 2688 844
2663 2689 845
2663 2690 857
2663 2691 858
2663 2692 884
2663 2693 939
2663 2694 970
2663 2695 1036
2663 2696 1060
2663 2697 1110
2663 2698 1111
2663 2699 1112
2663 2700 1190
2663 2701 1215
2663 2702 1216
2663 2703 1322
2663 2704 1333
2663 2705 1381
2663 2706 1425
2663 2707 1426
2663 2708 1562
2663 2709 1586
2663 2710 1599
2663 2711 1672
2663 2712 1792
2663 2713 1800
2663 2714 1876
2663 2715 1877
2663 2716 2332
2663 2717 2339
2663 2718 2628
2663 2719 3195
2663 2720 3376
2663 2721 3545
2663 2722 3549
2663 2723 3656
2663 2724 3889
2663 2725 3919
52 2726 
2726 2727 25
2726 2728 31
2726 2729 67
2726 2730 103
2726 2731 128
2726 2732 203
2726 2733 204
2726 2734 298
2726 2735 317
2726 2736 343
2726 2737 419
2726 2738 420
2726 2739 462
2726 2740 523
2726 2741 575
2726 2742 599
2726 2743 624
2726 2744 655
2726 2745 674
2726 2746 683
2726 2747 684
2726 2748 685
2726 2749 687
2726 2750 688
2726 2751 691
2726 2752 737
2726 2753 738
2726 2754 741
2726 2755 801
2726 2756 802
2726 2757 835
2726 2758 837
2726 2759 839
2726 2760 842
2726 2761 868
2726 2762 874
2726 2763 890
2726 2764 943
2726 2765 961
2726 2766 966
2726 2767 1010
2726 2768 1037
2726 2769 1101
2726 2770 1102
2726 2771 1103
2726 2772 1107
2726 2773 1137
2726 2774 1147
2726 2775 1178
2726 2776 1298
2726 2777 1356
2726 2778 1357
2726 2779 1371
2726 2780 1372
2726 2781 1374
2726 2782 1430
2726 2783 1487
2726 2784 1503
2726 2785 1574
2726 2786 1609
2726 2787 1622
2726 2788 1684
2726 2789 1766
52 2790 
2790 2791 102
2790 2792 139
2790 2793 172
2790 2794 173
2790 2795 222
2790 2796 244
2790 2797 246
2790 2798 271
2790 2799 273
2790 2800 350
2790 2801 354
2790 2802 388
2790 2803 422
2790 2804 472
2790 2805 473
2790 2806 507
2790 2807 534
2790 2808 535
2790 2809 622
2790 2810 654
2790 2811 761
2790 2812 805
2790 2813 827
2790 2814 866
2790 2815 902
2790 2816 903
2790 2817 917
2790 2818 959
2790 2819 1061
2790 2820 1085
2790 2821 1086
2790 2822 1087
2790 2823 1100
2790 2824 1120
2790 2825 1134
2790 2826 1151
2790 2827 1201
2790 2828 1315
2790 2829 1330
2790 2830 1411
2790 2831 1412
2790 2832 1417
2790 2833 1431
2790 2834 1446
2790 2835 1456
2790 2836 1459
2790 2837 1460
2790 2838 1462
2790 2839 1526
2790 2840 1630
2790 2841 1666
2790 2842 1707
2790 2843 1721
2790 2844 1753
2790 2845 1812
2790 2846 1827
2790 2847 2075
2790 2848 2296
2790 2849 2337
2790 2850 2412
2790 2851 2796
2790 2852 3588
53 2853 
2853 2854 107
2853 2855 165
2853 2856 166
2853 2857 215
2853 2858 216
2853 2859 217
2853 2860 272
2853 2861 290
2853 2862 327
2853 2863 357
2853 2864 418
2853 2865 428
2853 2866 451
2853 2867 531
2853 2868 611
2853 2869 616
2853 2870 636
2853 2871 637
2853 2872 682
2853 2873 720
2853 2874 822
2853 2875 863
2853 2876 867
2853 2877 991
2853 2878 992
2853 2879 1092
2853 2880 1299
2853 2881 1345
2853 2882 1355
2853 2883 1369
2853 2884 1385
2853 2885 1386
2853 2886 1387
2853 2887 1396
2853 2888 1401
2853 2889 1450
2853 2890 1451
2853 2891 1452
2853 2892 1480
2853 2893 1481
2853 2894 1501
2853 2895 1571
2853 2896 1591
2853 2897 1873
2853 2898 2079
2853 2899 2194
2853 2900 2252
2853 2901 2322
2853 2902 2411
2853 2903 2416
2853 2904 2491
2853 2905 2612
2853 2906 2697
2853 2907 2735
2853 2908 2737
2853 2909 2780
2853 2910 2948
2853 2911 3182
2853 2912 3225
2853 2913 3411
2853 2914 3559
2853 2915 3626
2853 2916 3862
53 2917 
2917 2918 42
2917 2919 47
2917 2920 73
2917 2921 209
2917 2922 253
2917 2923 263
2917 2924 296
2917 2925 342
2917 2926 355
2917 2927 610
2917 2928 719
2917 2929 937
2917 2930 971
2917 2931 1081
2917 2932 1084
2917 2933 1346
2917 2934 1382
2917 2935 1403
2917 2936 1416
2917 2937 1608
2917 2938 1649
2917 2939 1824
2917 2940 2033
2917 2941 2336
2917 2942 2470
2917 2943 2489
2917 2944 2490
2917 2945 2765
2917 2946 2964
2917 2947 2989
2917 2948 3004
2917 2949 3032
2917 2950 3061
2917 2951 3201
2917 2952 3240
2917 2953 3349
2917 2954 3350
2917 2955 3410
2917 2956 3425
2917 2957 3443
2917 2958 3446
2917 2959 3452
2917 2960 3473
2917 2961 3490
2917 2962 3542
2917 2963 3560
2917 2964 3561
2917 2965 3628
2917 2966 3640
2917 2967 3641
2917 2968 3642
2917 2969 3706
2917 2970 3714
2917 2971 3746
2917 2972 3768
2917 2973 3781
2917 2974 3839
2917 2975 3840
2917 2976 3860
2917 2977 3861
2917 2978 3921
2917 2979 3937
54 2980 
2980 2981 54
2980 2982 91
2980 2983 113
2980 2984 187
2980 2985 320
2980 2986 333
2980 2987 433
2980 2988 444
2980 2989 532
2980 2990 566
2980 2991 579
2980 2992 732
2980 2993 849
2980 2994 941
2980 2995 1080
2980 2996 1383
2980 2997 1453
2980 2998 1454
2980 2999 1455
2980 3000 1464
2980 3001 1472
2980 3002 1484
2980 3003 1568
2980 3004 1662
2980 3005 1679
2980 3006 1705
2980 3007 1706
2980 3008 1774
2980 3009 1839
2980 3010 1875
2980 3011 2004
2980 3012 2007
2980 3013 2145
2980 3014 2273
2980 3015 2274
2980 3016 2290
2980 3017 2319
2980 3018 2419
2980 3019 2550
2980 3020 2562
2980 3021 2644
2980 3022 2792
2980 3023 2800
2980 3024 2801
2980 3025 2892
2980 3026 2947
2980 3027 3000
2980 3028 3029
2980 3029 3181
2980 3030 3405
2980 3031 3437
2980 3032 3502
2980 3033 3584
2980 3034 3705
2980 3035 3734
2980 3036 3751
2980 3037 3817
2980 3038 3841
2980 3039 3897
2980 3040 3907
2980 3041 3924
2980 3042 3936
54 3043 
3043 3044 188
3043 3045 190
3043 3046 410
3043 3047 450
3043 3048 596
3043 3049 638
3043 3050 647
3043 3051 723
3043 3052 889
3043 3053 906
3043 3054 1093
3043 3055 1202
3043 3056 1204
3043 3057 1258
3043 3058 1300
3043 3059 1301
3043 3060 1341
3043 3061 1342
3043 3062 1343
3043 3063 1344
3043 3064 1397
3043 3065 1398
3043 3066 1402
3043 3067 1404
3043 3068 1479
3043 3069 1540
3043 3070 1569
3043 3071 1699
3043 3072 1758
3043 3073 1760
3043 3074 1765
3043 3075 1801
3043 3076 1802
3043 3077 1803
3043 3078 2114
3043 3079 2301
3043 3080 2334
3043 3081 2493
3043 3082 2728
3043 3083 2791
3043 3084 2845
3043 3085 2878
3043 3086 2898
3043 3087 2975
3043 3088 3072
3043 3089 3212
3043 3090 3220
3043 3091 3277
3043 3092 3342
3043 3093 3347
3043 3094 3407
3043 3095 3408
3043 3096 3474
3043 3097 3491
3043 3098 3550
3043 3099 3700
3043 3100 3791
3043 3101 3822
3043 3102 3859
3043 3103 3874
3043 3104 3892
3043 3105 3893
55 3106 
3106 3107 1
3106 3108 28
3106 3109 29
3106 3110 33
3106 3111 34
3106 3112 38
3106 3113 49
3106 3114 53
3106 3115 62
3106 3116 63
3106 3117 69
3106 3118 70
3106 3119 71
3106 3120 72
3106 3121 80
3106 3122 81
3106 3123 82
3106 3124 83
3106 3125 92
3106 3126 98
3106 3127 108
3106 3128 129
3106 3129 133
3106 3130 138
3106 3131 153
3106 3132 207
3106 3133 218
3106 3134 237
3106 3135 266
3106 3136 286
3106 3137 297
3106 3138 313
3106 3139 361
3106 3140 369
3106 3141 411
3106 3142 425
3106 3143 447
3106 3144 448
3106 3145 613
3106 3146 626
3106 3147 708
3106 3148 783
3106 3149 886
3106 3150 901
3106 3151 944
3106 3152 972
3106 3153 1009
3106 3154 1162
3106 3155 1163
3106 3156 1320
3106 3157 1424
3106 3158 1543
3106 3159 1688
3106 3160 1727
3106 3161 1741
3106 3162 1864
3106 3163 1954
3106 3164 1995
3106 3165 1996
3106 3166 2587
3106 3167 2724
3106 3168 2943
3106 3169 3942
55 3170 
3170 3171 48
3170 3172 74
3170 3173 135
3170 3174 140
3170 3175 141
3170 3176 142
3170 3177 185
3170 3178 197
3170 3179 199
3170 3180 200
3170 3181 225
3170 3182 249
3170 3183 250
3170 3184 257
3170 3185 258
3170 3186 259
3170 3187 261
3170 3188 268
3170 3189 277
3170 3190 278
3170 3191 279
3170 3192 280
3170 3193 281
3170 3194 301
3170 3195 303
3170 3196 319
3170 3197 345
3170 3198 370
3170 3199 371
3170 3200 389
3170 3201 412
3170 3202 438
3170 3203 439
3170 3204 460
3170 3205 471
3170 3206 580
3170 3207 698
3170 3208 704
3170 3209 710
3170 3210 712
3170 3211 713
3170 3212 785
3170 3213 1008
3170 3214 1076
3170 3215 1319
3170 3216 1321
3170 3217 1546
3170 3218 1745
3170 3219 1763
3170 3220 1822
3170 3221 2575
3170 3222 2650
3170 3223 2778
3170 3224 2998
3170 3225 3276
3170 3226 3764
3170 3227 3785
3170 3228 3789
3170 3229 3794
3170 3230 3796
3170 3231 3829
3170 3232 3875
56 3233 
3233 3234 2
3233 3235 4
3233 3236 22
3233 3237 52
3233 3238 77
3233 3239 78
3233 3240 85
3233 3241 93
3233 3242 94
3233 3243 106
3233 3244 112
3233 3245 143
3233 3246 144
3233 3247 149
3233 3248 157
3233 3249 264
3233 3250 302
3233 3251 321
3233 3252 332
3233 3253 392
3233 3254 397
3233 3255 407
3233 3256 498
3233 3257 565
3233 3258 588
3233 3259 591
3233 3260 594
3233 3261 700
3233 3262 755
3233 3263 974
3233 3264 999
3233 3265 1073
3233 3266 1117
3233 3267 1119
3233 3268 1125
3233 3269 1156
3233 3270 1161
3233 3271 1252
3233 3272 1316
3233 3273 1395
3233 3274 1627
3233 3275 1637
3233 3276 1638
3233 3277 1646
3233 3278 1739
3233 3279 1751
3233 3280 2062
3233 3281 2377
3233 3282 2399
3233 3283 2479
3233 3284 2480
3233 3285 2556
3233 3286 2572
3233 3287 2600
3233 3288 2611
3233 3289 2679
3233 3290 2680
3233 3291 2853
3233 3292 2961
3233 3293 2962
3233 3294 3165
3233 3295 3412
3233 3296 3767
56 3297 
3297 3298 8
3297 3299 9
3297 3300 14
3297 3301 15
3297 3302 17
3297 3303 32
3297 3304 88
3297 3305 101
3297 3306 105
3297 3307 109
3297 3308 110
3297 3309 117
3297 3310 134
3297 3311 156
3297 3312 189
3297 3313 234
3297 3314 235
3297 3315 255
3297 3316 265
3297 3317 291
3297 3318 347
3297 3319 382
3297 3320 402
3297 3321 423
3297 3322 628
3297 3323 642
3297 3324 648
3297 3325 699
3297 3326 706
3297 3327 716
3297 3328 717
3297 3329 718
3297 3330 789
3297 3331 793
3297 3332 796
3297 3333 888
3297 3334 893
3297 3335 894
3297 3336 977
3297 3337 978
3297 3338 1004
3297 3339 1005
3297 3340 1006
3297 3341 1007
3297 3342 1078
3297 3343 1124
3297 3344 1155
3297 3345 1187
3297 3346 1419
3297 3347 1525
3297 3348 1527
3297 3349 1535
3297 3350 1536
3297 3351 1647
3297 3352 1816
3297 3353 2317
3297 3354 2522
3297 3355 2712
3297 3356 3427
3297 3357 3909
3297 3358 3910
3297 3359 3911
57 3360 
3360 3361 270
3360 3362 593
3360 3363 618
3360 3364 714
3360 3365 851
3360 3366 986
3360 3367 1193
3360 3368 1312
3360 3369 1533
3360 3370 1534
3360 3371 1537
3360 3372 1538
3360 3373 1539
3360 3374 1553
3360 3375 1554
3360 3376 1555
3360 3377 1556
3360 3378 1629
3360 3379 1653
3360 3380 1734
3360 3381 2648
3360 3382 2785
3360 3383 2877
3360 3384 2917
3360 3385 2957
3360 3386 2990
3360 3387 2991
3360 3388 3033
3360 3389 3067
3360 3390 3141
3360 3391 3149
3360 3392 3176
3360 3393 3177
3360 3394 3209
3360 3395 3221
3360 3396 3222
3360 3397 3236
3360 3398 3242
3360 3399 3282
3360 3400 3304
3360 3401 3311
3360 3402 3360
3360 3403 3362
3360 3404 3371
3360 3405 3372
3360 3406 3428
3360 3407 3432
3360 3408 3435
3360 3409 3455
3360 3410 3503
3360 3411 3504
3360 3412 3511
3360 3413 3524
3360 3414 3538
3360 3415 3567
3360 3416 3644
3360 3417 3646
3360 3418 3765
3360 3419 3792
3360 3420 3800
3360 3421 3816
3360 3422 3987
3360 3423 3990
57 3424 
3424 3425 7
3424 3426 68
3424 3427 511
3424 3428 614
3424 3429 850
3424 3430 987
3424 3431 1003
3424 3432 1069
3424 3433 1071
3424 3434 1072
3424 3435 1075
3424 3436 1154
3424 3437 1310
3424 3438 1311
3424 3439 1461
3424 3440 1640
3424 3441 1737
3424 3442 1740
3424 3443 1819
3424 3444 1823
3424 3445 1965
3424 3446 2164
3424 3447 2268
3424 3448 2269
3424 3449 2409
3424 3450 2532
3424 3451 2546
3424 3452 2717
3424 3453 2960
3424 3454 2963
3424 3455 3031
3424 3456 3034
3424 3457 3069
3424 3458 3138
3424 3459 3158
3424 3460 3170
3424 3461 3171
3424 3462 3172
3424 3463 3173
3424 3464 3183
3424 3465 3216
3424 3466 3230
3424 3467 3232
3424 3468 3235
3424 3469 3261
3424 3470 3306
3424 3471 3359
3424 3472 3370
3424 3473 3454
3424 3474 3492
3424 3475 3510
3424 3476 3563
3424 3477 3645
3424 3478 3683
3424 3479 3798
3424 3480 3932
3424 3481 3933
3424 3482 3950
3424 3483 3980
3424 3484 3981
3424 3485 3982
3424 3486 3985
58 3487 
3487 3488 0
3487 3489 20
3487 3490 27
3487 3491 87
3487 3492 125
3487 3493 126
3487 3494 127
3487 3495 130
3487 3496 148
3487 3497 194
3487 3498 196
3487 3499 247
3487 3500 256
3487 3501 292
3487 3502 312
3487 3503 330
3487 3504 364
3487 3505 442
3487 3506 513
3487 3507 516
3487 3508 524
3487 3509 587
3487 3510 784
3487 3511 898
3487 3512 973
3487 3513 990
3487 3514 1326
3487 3515 1327
3487 3516 1420
3487 3517 1421
3487 3518 1422
3487 3519 1427
3487 3520 1474
3487 3521 1505
3487 3522 1530
3487 3523 1532
3487 3524 1549
3487 3525 1550
3487 3526 1551
3487 3527 1552
3487 3528 1560
3487 3529 1561
3487 3530 1597
3487 3531 1747
3487 3532 1748
3487 3533 2229
3487 3534 2433
3487 3535 2613
3487 3536 2630
3487 3537 3147
3487 3538 3245
3487 3539 3307
3487 3540 3339
3487 3541 3375
3487 3542 3457
3487 3543 3458
3487 3544 3478
3487 3545 3534
3487 3546 3881
3487 3547 3949
3487 3548 3979
3487 3549 3984
58 3550 
3550 3551 89
3550 3552 90
3550 3553 124
3550 3554 158
3550 3555 159
3550 3556 160
3550 3557 186
3550 3558 212
3550 3559 224
3550 3560 226
3550 3561 227
3550 3562 228
3550 3563 252
3550 3564 262
3550 3565 274
3550 3566 276
3550 3567 356
3550 3568 376
3550 3569 440
3550 3570 441
3550 3571 607
3550 3572 633
3550 3573 775
3550 3574 797
3550 3575 798
3550 3576 933
3550 3577 995
3550 3578 996
3550 3579 1079
3550 3580 1423
3550 3581 1636
3550 3582 1728
3550 3583 1730
3550 3584 2168
3550 3585 2324
3550 3586 2325
3550 3587 2330
3550 3588 2341
3550 3589 2370
3550 3590 2376
3550 3591 2430
3550 3592 2431
3550 3593 2443
3550 3594 2529
3550 3595 2539
3550 3596 2566
3550 3597 2567
3550 3598 2602
3550 3599 2658
3550 3600 2744
3550 3601 2870
3550 3602 3140
3550 3603 3190
3550 3604 3192
3550 3605 3198
3550 3606 3300
3550 3607 3527
3550 3608 3585
3550 3609 3805
3550 3610 3821
3550 3611 3888
3550 3612 3939
59 3613 
3613 3614 18
3613 3615 220
3613 3616 510
3613 3617 711
3613 3618 752
3613 3619 1064
3613 3620 1090
3613 3621 1098
3613 3622 1145
3613 3623 1544
3613 3624 1545
3613 3625 1583
3613 3626 1616
3613 3627 1639
3613 3628 1749
3613 3629 1856
3613 3630 1917
3613 3631 1966
3613 3632 2142
3613 3633 2147
3613 3634 2156
3613 3635 2158
3613 3636 2169
3613 3637 2225
3613 3638 2232
3613 3639 2303
3613 3640 2400
3613 3641 2407
3613 3642 2619
3613 3643 2706
3613 3644 2788
3613 3645 2875
3613 3646 2934
3613 3647 2977
3613 3648 3012
3613 3649 3110
3613 3650 3148
3613 3651 3150
3613 3652 3151
3613 3653 3178
3613 3654 3204
3613 3655 3241
3613 3656 3244
3613 3657 3305
3613 3658 3308
3613 3659 3374
3613 3660 3433
3613 3661 3450
3613 3662 3456
3613 3663 3496
3613 3664 3556
3613 3665 3578
3613 3666 3615
3613 3667 3616
3613 3668 3680
3613 3669 3695
3613 3670 3713
3613 3671 3797
3613 3672 3799
3613 3673 3834
3613 3674 3855
3613 3675 3856
3613 3676 3877
59 3677 
3677 3678 459
3677 3679 497
3677 3680 502
3677 3681 512
3677 3682 514
3677 3683 645
3677 3684 1049
3677 3685 1463
3677 3686 1475
3677 3687 1506
3677 3688 1547
3677 3689 1557
3677 3690 1558
3677 3691 1843
3677 3692 1895
3677 3693 1945
3677 3694 1946
3677 3695 1973
3677 3696 2054
3677 3697 2148
3677 3698 2244
3677 3699 2304
3677 3700 2506
3677 3701 2684
3677 3702 2814
3677 3703 2839
3677 3704 2854
3677 3705 2855
3677 3706 2856
3677 3707 2874
3677 3708 2888
3677 3709 2919
3677 3710 2930
3677 3711 2955
3677 3712 3001
3677 3713 3002
3677 3714 3006
3677 3715 3028
3677 3716 3044
3677 3717 3045
3677 3718 3185
3677 3719 3191
3677 3720 3196
3677 3721 3280
3677 3722 3281
3677 3723 3291
3677 3724 3319
3677 3725 3460
3677 3726 3485
3677 3727 3497
3677 3728 3601
3677 3729 3627
3677 3730 3639
3677 3731 3688
3677 3732 3741
3677 3733 3742
3677 3734 3743
3677 3735 3744
3677 3736 3757
3677 3737 3780
3677 3738 3843
3677 3739 3961
60 3740 
3740 3741 454
3740 3742 455
3740 3743 539
3740 3744 669
3740 3745 1039
3740 3746 1232
3740 3747 1268
3740 3748 1295
3740 3749 1582
3740 3750 1658
3740 3751 1676
3740 3752 1678
3740 3753 1696
3740 3754 1841
3740 3755 1849
3740 3756 1850
3740 3757 1866
3740 3758 1883
3740 3759 1884
3740 3760 1885
3740 3761 1886
3740 3762 1887
3740 3763 1971
3740 3764 2011
3740 3765 2012
3740 3766 2025
3740 3767 2056
3740 3768 2093
3740 3769 2123
3740 3770 2125
3740 3771 2137
3740 3772 2219
3740 3773 2224
3740 3774 2265
3740 3775 2266
3740 3776 2309
3740 3777 2468
3740 3778 2469
3740 3779 2494
3740 3780 2534
3740 3781 2544
3740 3782 2597
3740 3783 2623
3740 3784 2700
3740 3785 2784
3740 3786 2852
3740 3787 2921
3740 3788 2922
3740 3789 2926
3740 3790 3133
3740 3791 3194
3740 3792 3231
3740 3793 3293
3740 3794 3429
3740 3795 3430
3740 3796 3507
3740 3797 3517
3740 3798 3694
3740 3799 3818
3740 3800 3852
3740 3801 3869
3740 3802 3895
3740 3803 3896
60 3804 
3804 3805 505
3804 3806 936
3804 3807 1108
3804 3808 1169
3804 3809 1231
3804 3810 1233
3804 3811 1442
3804 3812 1633
3804 3813 1634
3804 3814 1695
3804 3815 1738
3804 3816 1818
3804 3817 1888
3804 3818 1955
3804 3819 2121
3804 3820 2124
3804 3821 2237
3804 3822 2549
3804 3823 2592
3804 3824 2638
3804 3825 2678
3804 3826 2838
3804 3827 2850
3804 3828 2851
3804 3829 2872
3804 3830 2970
3804 3831 2971
3804 3832 2972
3804 3833 3009
3804 3834 3119
3804 3835 3127
3804 3836 3156
3804 3837 3197
3804 3838 3208
3804 3839 3243
3804 3840 3259
3804 3841 3262
3804 3842 3263
3804 3843 3269
3804 3844 3270
3804 3845 3271
3804 3846 3329
3804 3847 3413
3804 3848 3414
3804 3849 3493
3804 3850 3529
3804 3851 3568
3804 3852 3569
3804 3853 3580
3804 3854 3647
3804 3855 3648
3804 3856 3658
3804 3857 3738
3804 3858 3801
3804 3859 3802
3804 3860 3803
3804 3861 3804
3804 3862 3809
3804 3863 3876
3804 3864 3880
3804 3865 3930
3804 3866 3977
61 3867 
3867 3868 5
3867 3869 147
3867 3870 393
3867 3871 640
3867 3872 715
3867 3873 754
3867 3874 756
3867 3875 757
3867 3876 764
3867 3877 765
3867 3878 820
3867 3879 915
3867 3880 953
3867 3881 1011
3867 3882 1033
3867 3883 1052
3867 3884 1066
3867 3885 1067
3867 3886 1160
3867 3887 1168
3867 3888 1208
3867 3889 1229
3867 3890 1250
3867 3891 1251
3867 3892 1415
3867 3893 1477
3867 3894 1531
3867 3895 1592
3867 3896 1641
3867 3897 1682
3867 3898 1686
3867 3899 2233
3867 3900 2387
3867 3901 2447
3867 3902 2622
3867 3903 2652
3867 3904 2705
3867 3905 2761
3867 3906 2767
3867 3907 2768
3867 3908 2942
3867 3909 3144
3867 3910 3164
3867 3911 3340
3867 3912 3391
3867 3913 3494
3867 3914 3536
3867 3915 3570
3867 3916 3573
3867 3917 3574
3867 3918 3575
3867 3919 3576
3867 3920 3577
3867 3921 3594
3867 3922 3596
3867 3923 3597
3867 3924 3650
3867 3925 3926
3867 3926 3955
3867 3927 3964
3867 3928 3967
3867 3929 3973
3867 3930 3974
61 3931 
3931 3932 11
3931 3933 12
3931 3934 394
3931 3935 395
3931 3936 479
3931 3937 503
3931 3938 504
3931 3939 506
3931 3940 542
3931 3941 568
3931 3942 569
3931 3943 606
3931 3944 855
3931 3945 860
3931 3946 877
3931 3947 1170
3931 3948 1242
3931 3949 1261
3931 3950 1354
3931 3951 1468
3931 3952 1470
3931 3953 1656
3931 3954 1677
3931 3955 1701
3931 3956 1798
3931 3957 1874
3931 3958 1931
3931 3959 1985
3931 3960 2129
3931 3961 2150
3931 3962 2189
3931 3963 2192
3931 3964 2253
3931 3965 2255
3931 3966 2297
3931 3967 2299
3931 3968 2300
3931 3969 2428
3931 3970 2585
3931 3971 2590
3931 3972 2591
3931 3973 2621
3931 3974 2629
3931 3975 2640
3931 3976 2702
3931 3977 2818
3931 3978 2819
3931 3979 2890
3931 3980 2925
3931 3981 3219
3931 3982 3247
3931 3983 3248
3931 3984 3353
3931 3985 3354
3931 3986 3355
3931 3987 3356
3931 3988 3357
3931 3989 3377
3931 3990 3653
3931 3991 3736
3931 3992 3812
3931 3993 3959
62 3994 
3994 3995 174
3994 3996 231
3994 3997 233
3994 3998 379
3994 3999 380
3994 4000 381
3994 4001 399
3994 4002 555
3994 4003 745
3994 4004 819
3994 4005 930
3994 4006 1152
3994 4007 1153
3994 4008 1274
3994 4009 1436
3994 4010 1465
3994 4011 1509
3994 4012 1528
3994 4013 1575
3994 4014 1600
3994 4015 1601
3994 4016 1659
3994 4017 1719
3994 4018 1725
3994 4019 1726
3994 4020 1736
3994 4021 1820
3994 4022 1896
3994 4023 2048
3994 4024 2053
3994 4025 2112
3994 4026 2166
3994 4027 2215
3994 4028 2278
3994 4029 2338
3994 4030 2394
3994 4031 2449
3994 4032 2481
3994 4033 2586
3994 4034 2599
3994 4035 2624
3994 4036 2707
3994 4037 2739
3994 4038 2811
3994 4039 2842
3994 4040 2843
3994 4041 2873
3994 4042 2889
3994 4043 2897
3994 4044 2923
3994 4045 2956
3994 4046 2968
3994 4047 3125
3994 4048 3246
3994 4049 3579
3994 4050 3655
3994 4051 3733
3994 4052 3747
3994 4053 3884
3994 4054 3890
3994 4055 3891
3994 4056 3938
62 4057 
4057 4058 6
4057 4059 167
4057 4060 168
4057 4061 193
4057 4062 287
4057 4063 348
4057 4064 383
4057 4065 416
4057 4066 417
4057 4067 518
4057 4068 519
4057 4069 538
4057 4070 577
4057 4071 605
4057 4072 650
4057 4073 652
4057 4074 882
4057 4075 932
4057 4076 1001
4057 4077 1002
4057 4078 1012
4057 4079 1040
4057 4080 1063
4057 4081 1068
4057 4082 1077
4057 4083 1116
4057 4084 1209
4057 4085 1227
4057 4086 1259
4057 4087 1408
4057 4088 1413
4057 4089 1499
4057 4090 1500
4057 4091 1522
4057 4092 1564
4057 4093 1581
4057 4094 2040
4057 4095 2310
4057 4096 2372
4057 4097 2553
4057 4098 2939
4057 4099 2967
4057 4100 3043
4057 4101 3129
4057 4102 3130
4057 4103 3184
4057 4104 3189
4057 4105 3336
4057 4106 3419
4057 4107 3438
4057 4108 3499
4057 4109 3571
4057 4110 3660
4057 4111 3712
4057 4112 3753
4057 4113 3754
4057 4114 3759
4057 4115 3927
4057 4116 3929
4057 4117 3931
4057 4118 3945
4057 4119 3947
